213.07622416384 324.561430394368
251.94720924160 356.285839095808
294.12393790976 304.588944043520
255.30994842624 272.864526540288
213.07622416384 324.561430394368

124.7900718592 231.588040940032
165.54191105024 268.580571939328
153.34485707264 282.011348200448
170.21554853888 297.352535417856
183.89448756736 282.300804573696
212.5632639488 308.351876416512
248.47047890432 268.87002833408
162.17917186560 190.485220105728
124.7900718592 231.588040940032

113.50494715904 444.164738651648
153.51584380928 476.815386426880
251.94720924160 356.285839095808
213.07622416384 324.561430394368
170.78550433792 376.431993643520
156.53660951552 364.795852920320
138.81098436096 386.505070099968
151.86297201152 397.157058402816
113.50494715904 444.164738651648

