217.33347006464 80.313643517952
252.21476459008 102.427343764992
266.80563289600 79.445304449024
440.35717180928 189.434887617024
423.20150244352 216.469159447552
453.18117715456 235.456825543168
507.89693326848 149.143974149632
472.84465200128 126.972390184448
458.70974834176 149.259752649728
405.76085518336 115.683984802304
415.16512577024 100.806444360704
406.04583307776 95.075407063552
417.90091357184 76.377173042688
379.48589314048 52.005787806208
368.14377284608 69.893574430208
359.02448016896 64.104646907392
348.36630684672 80.892536227328
287.60901932544 42.396167097856
306.30356932608 12.930519797248
273.24613335552 -7.967515787776
217.33347006464 80.313643517952
