217.33347006464 592.313643517952
252.21476459008 614.427343764992
266.80563289600 591.445304449024
440.35717180928 701.434887617024
423.20150244352 728.469159447552
453.18117715456 747.456825543168
507.89693326848 661.143974149632
472.84465200128 638.972390184448
458.70974834176 661.259752649728
405.76085518336 627.683984802304
415.16512577024 612.806444360704
406.04583307776 607.075407063552
417.90091357184 588.377173042688
379.48589314048 564.005787806208
368.14377284608 581.893574430208
359.02448016896 576.104646907392
348.36630684672 592.892536227328
287.60901932544 554.396167097856
306.30356932608 524.930519797248
273.24613335552 504.032484212224
217.33347006464 592.313643517952

