252.86386644992 356.113818062848
342.51791267328 421.643465628160
577.68167281152 99.841733389312
488.08462216192 34.311972844032
252.86386644992 356.113818062848

200.48492909056 44.095127602688
247.90525106176 77.554670768128
307.00966677504 -6.209975398912
259.64634039808 -39.669533578752
200.48492909056 44.095127602688

-93.27028655104 97.178863709696
25.90746973184 182.911670621184
58.50894108672 137.642901049344
-60.66881519616 51.910073342976
-93.27028655104 97.178863709696

121.94502083584 158.077526013440
212.22601842688 223.086247213568
258.50642879488 158.887964350464
168.16843563008 93.821332320768
121.94502083584 158.077526013440

437.13057429504 428.242739816448
764.17120823808 678.551879691264
829.54513767424 593.050853700096
502.56149930496 342.799487564288
437.13057429504 428.242739816448

