-259.13613355008 356.113818062848
-169.48208732672 421.643465628160
65.68167281152 99.841733389312
-23.91537783808 34.311972844032
-259.13613355008 356.113818062848

299.24955672064 760.232241000448
352.42643219456 798.554269210624
409.36501589504 719.536785511424
454.56251026944 752.127883573248
629.19696520704 509.807433964544
530.82259535360 438.894199414784
299.24955672064 760.232241000448

-74.86942570496 428.242739816448
252.17120823808 678.551879691264
317.54513767424 593.050853700096
-9.43850069504 342.799487564288
-74.86942570496 428.242739816448

