378.12272717312 143.880965625344
449.31020571648 193.722647226368
478.66292903424 151.811640589824
407.47545051136 101.969947801088
378.12272717312 143.880965625344

486.0153587712 220.987951738368
630.2141743616 324.376097852928
663.32860592640 278.181401346048
519.12979033088 174.851117778432
486.0153587712 220.987951738368

223.89268962304 38.350857183232
322.15306831872 108.453420787200
355.21050430464 62.200782685696
320.15822304256 37.193093731840
325.11683844096 30.304401049088
289.72258370048 5.065155091968
284.42199483392 12.474842331648
256.55115656704 -7.380804604928
223.89268962304 38.350857183232
