-212.75044327936 248.232241000448
-159.57356780544 286.554269210624
-102.63498410496 207.536785511424
-57.43748973056 240.127883573248
117.19696520704 -2.192566035456
18.82259535360 -73.105800585216
-212.75044327936 248.232241000448

223.89268962304 550.350857183232
322.15306831872 620.453420787200
355.21050430464 574.200782685696
320.15822304256 549.193093731840
325.11683844096 542.304401049088
289.72258370048 517.065155091968
284.42199483392 524.474842331648
256.55115656704 504.619195395072
223.89268962304 550.350857183232

97.19151688704 438.626651037184
172.65366386176 490.841806480384
198.47266127360 453.50391965184
123.06750987264 401.288753765376
97.19151688704 438.626651037184

