-53.27208449536 361.655288905216
-7.56162990592 398.704362859008
33.53218275840 347.993441028096
39.28873626624 352.682465201152
66.81760105984 318.759398778368
61.34602545664 314.24404134912
102.95279832576 262.896315205632
57.01436142592 225.673546607104
-53.27208449536 361.655288905216

427.42863120384 328.253226862592
520.9013812224 393.610115625472
550.53908246528 351.235235529728
457.06633243136 285.878331923968
427.42863120384 328.253226862592

307.22495448576 370.859668902912
466.35661186048 497.463264672256
498.95808320512 456.477747872256
339.82642583552 329.874124292608
307.22495448576 370.859668902912

204.68990735872 177.972818291712
347.63482020352 275.574052738560
380.92023851008 226.889220347904
237.97532565504 129.230071179264
204.68990735872 177.972818291712

116.17577273344 224.863097440768
270.12083237376 343.362305926656
304.09019762688 299.192849128960
150.14513797632 180.693612589568
116.17577273344 224.863097440768

217.74189500416 75.566723228160
474.27899738112 258.496734856704
566.38385351168 129.287960434688
309.84675113472 -53.64217788416
217.74189500416 75.566723228160

