182.43549761536 269.089931383808
211.84521652736 291.956043440640
275.39528743424 210.274804973056
245.98556852224 187.350793988608
182.43549761536 269.089931383808

-405.53089830400 902.393366171648
-128.19040950272 1097.130845902336
190.24389197312 627.942845374976
-93.93606634496 441.772424753152
-267.48760527872 706.903129373184
-405.53089830400 902.393366171648

294.43181090816 358.007252653568
322.8156093952 378.499910531584
387.67657863168 288.598487922688
359.34977572352 268.163709065728
294.43181090816 358.007252653568

67.87438324736 348.166144964096
95.5742347776 369.29558142464
163.34197854720 280.204598860288
135.64212701184 259.133041207808
67.87438324736 348.166144964096

407.11207115776 169.694672496128
468.43931447808 213.400806251008
515.17568948224 147.754768379392
453.84844617728 104.106508195328
407.11207115776 169.694672496128
