38.39571876864 475.081009144320
169.48555113472 598.667184992768
224.60027630592 540.202540560384
158.2004264448 477.627985021440
280.51293958144 347.847942746112
215.82295709184 286.836241421312
38.39571876864 475.081009144320

394.90306721280 74.973822206976
441.63944222208 117.809412673024
635.19642947584 -93.416452219392
588.51705004544 -136.252091093504
544.11749378048 -87.801511095296
394.90306721280 74.973822206976

-70.92180229632 1.285006451200
-29.31502941184 40.300141114368
292.88098028544 -303.716378913792
251.21721182720 -342.731585390080
-70.92180229632 1.285006451200

