38.39571876864 -36.918990855680
169.48555113472 86.667184992768
224.60027630592 28.202540560384
158.2004264448 -34.372014978560
280.51293958144 -164.152057253888
215.82295709184 -225.163758578688
38.39571876864 -36.918990855680

172.9052858880 228.082085966336
327.59128806912 349.352658776576
367.08922451968 299.049982036992
212.40322233856 177.721490843648
172.9052858880 228.082085966336

-46.24271645696 46.262907920384
100.29291787776 168.228227716608
139.10690737664 121.630191341056
-7.42872697344 -0.393044663296
-46.24271645696 46.262907920384
