259.35886839808 288.050590583808
423.96210137088 301.480149588992
429.88964161536 228.659512033792
265.34340422144 215.172061739520
259.35886839808 288.050590583808

358.47418077184 207.473216287232
491.55885840896 219.281971589632
497.03043401216 158.154289018368
363.88876081152 146.345529853440
358.47418077184 207.473216287232

143.65784244224 400.523117452288
344.39627269632 409.148130871808
520.28463036416 571.055188113920
561.26445187072 521.389041026048
391.87359023104 348.715142563328
145.82367446528 335.806561107968
143.65784244224 400.523117452288

-117.09693278720 586.973822206976
-70.36055777792 629.809412673024
123.19642947584 418.583547780608
76.51705004544 375.747908906496
32.11749378048 424.198488904704
-117.09693278720 586.973822206976
