195.6512499712 151.760577549312
209.38718457856 199.573421445632
214.40279556096 198.184186444288
256.46553306112 344.690537456128
228.65169037312 352.678632314368
247.80220501504 419.477615103488
275.44506097664 411.547407823360
281.03062774784 431.112444154368
427.33827976192 389.146017556992
422.03769090560 370.796556346880
457.60293236736 360.550957351424
437.54048845824 290.626176322048
403.79910552576 300.292931547648
361.62237684736 153.323467312640
384.81957762560 146.724599332352
370.2287093248 95.785961476096
346.91751740416 102.500600896512
342.69984453120 87.855740470272
201.00883442688 128.490883967488
206.76538793472 148.576913175040
195.6512499712 151.760577549312
