344.12473401344 392.997254092288
452.75830813184 463.727354133504
432.69586422784 494.577708557312
468.20411011584 517.672060611584
485.81574411264 490.583948139008
588.80675588608 557.667535759872
735.57037255168 332.338358168064
488.49453634048 171.372242435584
344.12473401344 392.997254092288

-222.46831966720 201.412315515904
-186.9030781952 224.564584355328
-198.24519847424 241.986664772608
-157.72134160384 268.380245308416
-146.32222574592 250.784525364224
-107.052271616 276.309894877184
-19.84903530496 142.316136336896
-66.12944568832 100.989316323328
152.73357876224 55.321433187328
143.557290496 -7.016113464832
-64.64756063744 29.043584109056
-92.97436353024 37.667812517376
-115.54461293568 48.144223671808
-135.20808779264 67.244861288448
-222.46831966720 201.412315515904

