-222.46831966720 713.412315515904
-186.9030781952 736.564584355328
-198.24519847424 753.986664772608
-157.72134160384 780.380245308416
-146.32222574592 762.784525364224
-107.052271616 788.309894877184
-19.84903530496 654.316136336896
-66.12944568832 612.989316323328
152.73357876224 567.321433187328
143.557290496 504.983886535168
-64.64756063744 541.043584109056
-92.97436353024 549.667812517376
-115.54461293568 560.144223671808
-135.20808779264 579.244861288448
-222.46831966720 713.412315515904

