-167.87526598656 392.997254092288
-59.24169186816 463.727354133504
-79.30413577216 494.577708557312
-43.79588988416 517.672060611584
-26.18425588736 490.583948139008
76.80675588608 557.667535759872
223.57037255168 332.338358168064
-23.50546365952 171.372242435584
-167.87526598656 392.997254092288

186.86521949184 142.258255643136
272.01661493760 201.296554165248
304.39010397184 401.389943300096
247.67950258176 487.226874100736
299.88745320960 521.665820452352
370.27699363328 415.049767687680
329.58215002624 162.863781552640
223.22839907328 89.528936049152
186.86521949184 142.258255643136
