-70.07085193728 219.783586195968
-54.5110587904 274.947929426944
138.98893289472 220.362435632128
158.99438121984 291.097823265280
222.48745653760 273.211381619712
158.25343868928 45.665594418688
101.08687266304 61.757623062528
129.75564903936 163.345757549568
-70.07085193728 219.783586195968

502.39274640384 263.776138251264
512.25298163200 281.720465722880
505.01454306304 285.714525473792
531.00452721664 333.006501844480
537.95798788608 329.186097832448
556.5385467392 363.106651934208
572.0413443072 354.597571533312
517.61056608768 255.382823197184
502.39274640384 263.776138251264

223.96934160896 -27.558941906432
302.56624543744 246.700083089408
370.67596268544 227.192858845696
322.68568492544 59.847418296832
375.40659577344 44.739434454016
371.70188311552 31.888964476928
320.51985291264 46.533869380096
293.56094391808 -47.529274969600
223.96934160896 -27.558941906432

