98.97803623424 134.051138706944
113.51190894592 134.224780323328
114.25285147648 146.900617785856
102.7397444608 148.405511676416
102.96772678144 154.830250834944
114.76581168640 153.267476465152
118.35653319168 163.396569370624
107.24239522816 171.094679612928
111.57405925376 176.535449065472
122.97317510144 170.457993815552
130.6105827328 180.297683171840
119.26846245376 190.368894095872
122.97317510144 196.677870778368
135.79718045184 187.185465412608
141.95270300672 195.28873831424
131.23753411072 204.954784818688
135.11323349504 210.858597407744
146.05638472704 201.829236901376
154.54872603136 209.469465051648
146.91131840512 219.424913382912
151.69894706688 223.360788160000
155.06168625664 219.772196455424
203.0519640064 249.985821241856
295.8407670784 105.400270016512
152.72486749184 20.663129719808
122.5742060544 66.215135447552
118.52751991808 64.131435298304
114.99379400704 69.630088416768
126.73488333824 76.865158060032
121.32030330368 87.920343938560
106.67243942912 83.752944102912
104.7345897472 91.103774306304
116.93164370432 94.576607372288
115.96271885824 105.342389470720
102.45476656640 103.027167566336
101.08687266304 111.709249558016
114.76581168640 113.792949177344
114.36684263424 125.195416124928
99.26301412352 126.237265861632
98.97803623424 134.051138706944

-167.87526598656 -119.002745907712
-59.24169186816 -48.272645866496
-79.30413577216 -17.422291442688
-43.79588988416 5.672060611584
-26.18425588736 -21.416051860992
76.80675588608 45.667535759872
223.57037255168 -179.661641831936
-23.50546365952 -340.627757564416
-167.87526598656 -119.002745907712

350.32854088704 428.084043110912
398.48980538368 459.050080022016
574.37816305664 185.101766611968
802.93043598848 331.828834038272
627.1560694784 605.661172256768
675.65930744832 636.800820987904
843.56828402176 375.239187002880
884.26312762880 401.401154867712
1018.25973453824 192.799875962368
972.89125342208 163.685972016640
874.40289241600 316.953550775808
559.50231686144 114.719037890048
540.40879779328 144.411754790912
563.66299415552 159.34493227520
556.02558652416 171.268321192448
527.12882782720 152.688671141376
350.32854088704 428.084043110912

186.86521949184 -369.741744356864
272.01661493760 -310.703445834752
304.39010397184 -110.610056699904
247.67950258176 -24.773125899264
299.88745320960 9.665820452352
370.27699363328 -96.950232312320
329.58215002624 -349.136218447360
223.22839907328 -422.471063950848
186.86521949184 -369.741744356864

