-161.67145911296 -83.915956889088
-113.51019461632 -52.949919977984
62.37816305664 -326.898233388032
290.93043598848 -180.171165961728
115.1560694784 93.661172256768
163.65930744832 124.800820987904
331.56828402176 -136.760812997120
372.26312762880 -110.598845132288
506.25973453824 -319.200124037632
460.89125342208 -348.314027983360
362.40289241600 -195.046449224192
47.50231686144 -397.280962109952
28.40879779328 -367.588245209088
51.66299415552 -352.65506772480
44.02558652416 -340.731678807552
15.12882782720 -359.311328858624
-161.67145911296 -83.915956889088

