27.09789947392 376.593832998912
43.79760420864 427.243109430784
138.63824813568 395.985271881216
121.9385434112 345.335986986496
27.09789947392 376.593832998912

-9.60725359616 263.776138251264
0.25298163200 281.720465722880
-6.98545693696 285.714525473792
19.00452721664 333.006501844480
25.95798788608 329.186097832448
44.5385467392 363.106651934208
60.0413443072 354.597571533312
5.61056608768 255.382823197184
-9.60725359616 263.776138251264

6.35150861312 247.568357119488
67.62175634944 352.571599954944
105.80879446528 330.285911117312
44.5385467392 225.282655767552
6.35150861312 247.568357119488

46.70437874688 164.214031965184
144.45179723264 337.289985036288
224.07462148608 292.371291537920
126.32720301568 119.295296892416
46.70437874688 164.214031965184

