-161.67145911296 428.084043110912
-113.51019461632 459.050080022016
62.37816305664 185.101766611968
290.93043598848 331.828834038272
115.1560694784 605.661172256768
163.65930744832 636.800820987904
331.56828402176 375.239187002880
372.26312762880 401.401154867712
506.25973453824 192.799875962368
460.89125342208 163.685972016640
362.40289241600 316.953550775808
47.50231686144 114.719037890048
28.40879779328 144.411754790912
51.66299415552 159.34493227520
44.02558652416 171.268321192448
15.12882782720 152.688671141376
-161.67145911296 428.084043110912
