331.27459485696 285.890833371648
390.66398846464 324.671076445184
504.31317356544 150.449324454400
444.92377995264 111.726926350848
331.27459485696 285.890833371648

111.38564997632 144.950628649472
170.77504357888 183.673019890176
284.42422868480 9.509017881088
225.03483505664 -29.213409343488
111.38564997632 144.950628649472

5.65885039104 68.547680762368
65.04824401408 107.327968808448
178.69742910976 -66.893985223168
119.30803548672 -105.616428234240
5.65885039104 68.547680762368

437.40036347904 354.884931907072
496.78975710720 393.665160705536
610.43894220288 219.443472849408
551.04954858496 180.721089003008
437.40036347904 354.884931907072

217.45442302464 213.944779068928
276.84381663232 252.725037032960
390.49300173824 78.503218161664
331.10360812032 39.780805192704
217.45442302464 213.944779068928
