416.31199914496 508.237526157312
575.44365651968 630.654914863616
603.65646825472 593.958646922752
444.52481089536 471.541234252288
416.31199914496 508.237526157312

414.43114502656 386.167341218304
445.94970037248 409.493229074944
483.28180481024 359.021329118720
481.11597279232 353.175385698816
493.14204002304 336.505763858944
513.14748835328 350.975921791488
482.99682691072 392.707851010048
564.21552738816 451.340906462208
626.4546999808 365.040914229760
550.87856184832 310.459476768256
528.42230360576 309.591267135488
668.85941096960 114.186116983296
643.09740913152 97.111308935168
625.48577512448 84.088149209600
469.48887462400 295.121106010112
492.1161196032 311.848612169728
459.74263057408 355.606372093440
445.0377711104 344.782694334464
414.43114502656 386.167341218304

