-95.68800085504 -3.762473842688
63.44365651968 118.654914863616
91.65646825472 81.958646922752
-67.47518910464 -40.458765747712
-95.68800085504 -3.762473842688

437.39165221888 328.703288237568
464.00858775040 348.498410765312
481.84820405760 358.743254060032
533.31521214976 292.007061411328
490.79651000832 259.246701428224
437.39165221888 328.703288237568

173.38812895744 206.980602883584
428.15836836864 396.654957429248
464.00858775040 348.498410765312
437.39165221888 328.703288237568
209.23834832896 158.824007497216
173.38812895744 206.980602883584

