145.23231279104 494.956765240832
204.62170640384 533.679084168192
318.21389593088 359.515407409152
258.82450230272 320.735171544064
145.23231279104 494.956765240832

39.10654415872 425.962718268928
98.49593777152 464.685051448832
212.14512287744 290.52131057664
152.75572926464 251.741060436480
39.10654415872 425.962718268928

286.58134941696 690.188943433216
345.2867960832 727.579962955264
522.82802556928 448.70991944704
464.12257890304 411.318844292608
309.66455902720 653.955533497856
286.58134941696 690.188943433216

-74.59963652096 354.884931907072
-15.21024289280 393.665160705536
98.43894220288 219.443472849408
39.04954858496 180.721089003008
-74.59963652096 354.884931907072

