-97.56885497344 386.167341218304
-66.05029962752 409.493229074944
-28.71819518976 359.021329118720
-30.88402720768 353.175385698816
-18.85795997696 336.505763858944
1.14748835328 350.975921791488
-29.00317308928 392.707851010048
52.21552738816 451.340906462208
114.4546999808 365.040914229760
38.87856184832 310.459476768256
16.42230360576 309.591267135488
156.85941096960 114.186116983296
131.09740913152 97.111308935168
113.48577512448 84.088149209600
-42.51112537600 295.121106010112
-19.8838803968 311.848612169728
-52.25736942592 355.606372093440
-66.9622288896 344.782694334464
-97.56885497344 386.167341218304

131.09740913152 97.111308935168
156.85941096960 114.186116983296
183.64733323776 83.509342088192
161.59004404736 63.598376075776
131.09740913152 97.111308935168

156.85941096960 114.186116983296
368.71197917696 299.172751236608
377.26131607040 289.448802542080
392.13716225024 272.142487844864
404.1062339072 258.135369095168
190.42980716544 75.521803652608
183.64733323776 83.509342088192
156.85941096960 114.186116983296

388.83141866496 317.752437518336
653.40489770496 524.212565814784
690.85099329536 476.287442757632
426.27751424512 269.827261680128
412.1996061696 287.943905677312
398.06470249984 305.886905993728
388.83141866496 317.752437518336

377.26131607040 289.448802542080
398.06470249984 305.886905993728
412.1996061696 287.943905677312
392.13716225024 272.142487844864
377.26131607040 289.448802542080
