28.39137526272 537.000649125888
80.59932588544 583.713841531904
184.27428460032 468.00171161088
132.06633397760 421.230605260288
28.39137526272 537.000649125888

162.72995563008 120.691236847104
215.90683110912 169.546282617344
320.03775445504 56.380843154944
266.80388340736 7.467882647040
162.72995563008 120.691236847104

-108.34101946368 418.915203653120
-62.80155160576 463.139369416704
51.53158043648 345.459072745472
6.04910818304 301.234879151104
-108.34101946368 418.915203653120

430.03922248704 364.271717372416
476.20564170752 407.048769959936
579.99459158528 295.041175809536
533.82817236480 252.264097600512
430.03922248704 364.271717372416

292.79386756608 240.223998046720
344.26087566336 287.574000481792
448.33480343552 174.35074733056
396.86779534336 127.058601354752
292.79386756608 240.223998046720

40.24645575168 -2.662022015488
86.81184402432 40.63608093184
187.4660370432 -67.609195231744
140.90064876544 -110.907323245568
40.24645575168 -2.662022015488

