-123.16858133504 317.752437518336
141.40489770496 524.212565814784
178.85099329536 476.287442757632
-85.72248575488 269.827261680128
-99.8003938304 287.943905677312
-113.93529750016 305.886905993728
-123.16858133504 317.752437518336

437.66791883264 102.494214690304
448.15510541824 175.423890337280
490.90178989056 169.288537764864
493.58058211328 187.694594879488
497.22829918720 195.913651247616
506.11960955392 199.907417941504
516.7207873024 196.781861406208
521.33742923264 186.710623317504
518.6586370048 163.384707742208
584.14655760384 155.975979606528
746.4699674112 292.690118830592
790.75553251840 240.134483542016
599.64935517184 79.168288634368
437.66791883264 102.494214690304
