-81.96077751296 364.271717372416
-35.79435829248 407.048769959936
67.99459158528 295.041175809536
21.82817236480 252.264097600512
-81.96077751296 364.271717372416

200.16733995008 389.683255880192
310.73876376064 493.760546129408
354.28338633216 447.510411507200
345.44907155968 439.174966754304
243.65496694784 343.433095520256
200.16733995008 389.683255880192

165.96999237632 426.035063506944
276.5414161920 530.054448515584
310.73876376064 493.760546129408
200.16733995008 389.683255880192
165.96999237632 426.035063506944
