-235.36599852032 -233.209392420352
-58.052751360 317.123621395968
370.04104465408 170.360331089408
348.0977466368 98.078406752768
320.05592162304 5.572123618816
236.38641123328 -270.175369133568
217.86284796416 -331.276190154240
204.92485146624 -373.863486764032
-235.36599852032 -233.209392420352

217.86284796416 -331.276190154240
236.38641123328 -270.175369133568
314.98331507200 -300.481371208192
400.5906751488 -19.173628631552
320.05592162304 5.572123618816
348.0977466368 98.078406752768
431.19730123264 66.428315222528
461.74693173248 145.920126437888
883.68520519168 5.266620546048
632.96165190656 -740.774955906560
229.37595497984 -612.340497459712
302.72926552064 -355.533227522048
217.86284796416 -331.276190154240
