-235.36599852032 278.790607579648
-58.052751360 829.123621395968
370.04104465408 682.360331089408
348.0977466368 610.078406752768
320.05592162304 517.572123618816
236.38641123328 241.824630866432
217.86284796416 180.723809845760
204.92485146624 138.136513235968
-235.36599852032 278.790607579648

217.86284796416 180.723809845760
236.38641123328 241.824630866432
314.98331507200 211.518628791808
400.5906751488 492.826371368448
320.05592162304 517.572123618816
348.0977466368 610.078406752768
431.19730123264 578.428315222528
461.74693173248 657.920126437888
883.68520519168 517.266620546048
632.96165190656 -228.774955906560
229.37595497984 -100.340497459712
302.72926552064 156.466772477952
217.86284796416 180.723809845760
