35.05189137920 386.340983073280
51.12464472064 403.936690295296
38.87059519488 415.107648299520
93.64334687744 475.014069754368
109.54511350784 479.586636403200
124.64894200832 477.155651619328
139.69577495552 469.746935883264
215.84186887680 400.116569788928
222.73833396224 407.698930111488
240.06499006464 391.839641759744
213.90401917440 363.246614841856
201.59297404928 374.47545589248
132.40034080256 298.767586719232
96.43613026304 331.643790542336
112.33789688832 349.007980378112
87.82979779072 371.407782887936
71.24408423424 353.291146956288
35.05189137920 386.340983073280

225.47412176896 153.081945097728
257.73361965056 188.910089154048
290.79105562624 159.101536823808
424.95864927232 307.854847859712
504.92344701440 235.735553048064
514.21372644352 246.038311148032
607.9714543616 161.416764359168
601.13198485504 153.776513384960
682.63566321664 80.268022184448
640.1739566592 33.210996543488
603.29781686784 66.434531247104
515.23964686336 -31.210264356352
471.86601101824 7.917116870144
455.6792665088 -9.968031227392
325.84333689344 107.124671130624
309.59959680512 89.123771075584
283.21064358400 112.854860817920
277.34009892352 106.314341261824
225.47412176896 153.081945097728
