225.47412176896 665.081945097728
257.73361965056 700.910089154048
290.79105562624 671.101536823808
424.95864927232 819.854847859712
504.92344701440 747.735553048064
514.21372644352 758.038311148032
607.9714543616 673.416764359168
601.13198485504 665.776513384960
682.63566321664 592.268022184448
640.1739566592 545.210996543488
603.29781686784 578.434531247104
515.23964686336 480.789735643648
471.86601101824 519.917116870144
455.6792665088 502.031968772608
325.84333689344 619.124671130624
309.59959680512 601.123771075584
283.21064358400 624.854860817920
277.34009892352 618.314341261824
225.47412176896 665.081945097728
