193.49089052160 272.057282033664
253.33624876544 307.711956206080
245.92682345984 320.214242948608
282.23300746752 341.861718942208
290.09839741440 328.664862216192
448.60310340608 423.126553042432
471.28734396928 385.040901563904
485.47924320768 393.491517907968
505.82666500608 359.399645522432
516.99779854336 366.055953860608
538.48513193984 329.996124120064
528.90987461632 324.265909767680
608.70368562688 190.271453472768
598.15950345728 184.020305873408
683.53888122368 47.247459436032
539.11208331264 -53.349814218752
403.63359134208 -159.503727712256
315.29044345856 -32.686273162752
275.27954678784 133.837474530304
268.6680595968 133.027140348416
257.04096142336 126.660228808704
246.38278809088 146.339772870144
211.15952009728 226.331310097408
218.22697192960 230.498740913152
193.49089052160 272.057282033664

193.49089052160 272.057282033664
253.33624876544 307.711956206080
245.92682345984 320.214242948608
282.23300746752 341.861718942208
290.09839741440 328.664862216192
448.60310340608 423.126553042432
471.28734396928 385.040901563904
485.47924320768 393.491517907968
505.82666500608 359.399645522432
516.99779854336 366.055953860608
538.48513193984 329.996124120064
528.90987461632 324.265909767680
608.70368562688 190.271453472768
598.15950345728 184.020305873408
683.53888122368 47.247459436032
539.11208331264 -53.349814218752
403.63359134208 -159.503727712256
315.29044345856 -32.686273162752
275.27954678784 133.837474530304
268.6680595968 133.027140348416
257.04096142336 126.660228808704
246.38278809088 146.339772870144
211.15952009728 226.331310097408
218.22697192960 230.498740913152
193.49089052160 272.057282033664

