-286.52587823104 153.081945097728
-254.26638034944 188.910089154048
-221.20894437376 159.101536823808
-87.04135072768 307.854847859712
-7.07655298560 235.735553048064
2.21372644352 246.038311148032
95.9714543616 161.416764359168
89.13198485504 153.776513384960
170.63566321664 80.268022184448
128.1739566592 33.210996543488
91.29781686784 66.434531247104
3.23964686336 -31.210264356352
-40.13398898176 7.917116870144
-56.3207334912 -9.968031227392
-186.15666310656 107.124671130624
-202.40040319488 89.123771075584
-228.78935641600 112.854860817920
-234.65990107648 106.314341261824
-286.52587823104 153.081945097728
