193.49089052160 784.057282033664
253.33624876544 819.711956206080
245.92682345984 832.214242948608
282.23300746752 853.861718942208
290.09839741440 840.664862216192
448.60310340608 935.126553042432
471.28734396928 897.040901563904
485.47924320768 905.491517907968
505.82666500608 871.399645522432
516.99779854336 878.055953860608
538.48513193984 841.996124120064
528.90987461632 836.265909767680
608.70368562688 702.271453472768
598.15950345728 696.020305873408
683.53888122368 559.247459436032
539.11208331264 458.650185781248
403.63359134208 352.496272287744
315.29044345856 479.313726837248
275.27954678784 645.837474530304
268.6680595968 645.027140348416
257.04096142336 638.660228808704
246.38278809088 658.339772870144
211.15952009728 738.331310097408
218.22697192960 742.498740913152
193.49089052160 784.057282033664

193.49089052160 784.057282033664
253.33624876544 819.711956206080
245.92682345984 832.214242948608
282.23300746752 853.861718942208
290.09839741440 840.664862216192
448.60310340608 935.126553042432
471.28734396928 897.040901563904
485.47924320768 905.491517907968
505.82666500608 871.399645522432
516.99779854336 878.055953860608
538.48513193984 841.996124120064
528.90987461632 836.265909767680
608.70368562688 702.271453472768
598.15950345728 696.020305873408
683.53888122368 559.247459436032
539.11208331264 458.650185781248
403.63359134208 352.496272287744
315.29044345856 479.313726837248
275.27954678784 645.837474530304
268.6680595968 645.027140348416
257.04096142336 638.660228808704
246.38278809088 658.339772870144
211.15952009728 738.331310097408
218.22697192960 742.498740913152
193.49089052160 784.057282033664

