-286.52587823104 665.081945097728
-254.26638034944 700.910089154048
-221.20894437376 671.101536823808
-87.04135072768 819.854847859712
-7.07655298560 747.735553048064
2.21372644352 758.038311148032
95.9714543616 673.416764359168
89.13198485504 665.776513384960
170.63566321664 592.268022184448
128.1739566592 545.210996543488
91.29781686784 578.434531247104
3.23964686336 480.789735643648
-40.13398898176 519.917116870144
-56.3207334912 502.031968772608
-186.15666310656 619.124671130624
-202.40040319488 601.123771075584
-228.78935641600 624.854860817920
-234.65990107648 618.314341261824
-286.52587823104 665.081945097728

