-318.50910947840 272.057282033664
-258.66375123456 307.711956206080
-266.07317654016 320.214242948608
-229.76699253248 341.861718942208
-221.90160258560 328.664862216192
-63.39689659392 423.126553042432
-40.71265603072 385.040901563904
-26.52075679232 393.491517907968
-6.17333499392 359.399645522432
4.99779854336 366.055953860608
26.48513193984 329.996124120064
16.90987461632 324.265909767680
96.70368562688 190.271453472768
86.15950345728 184.020305873408
171.53888122368 47.247459436032
27.11208331264 -53.349814218752
-108.36640865792 -159.503727712256
-196.70955654144 -32.686273162752
-236.72045321216 133.837474530304
-243.3319404032 133.027140348416
-254.95903857664 126.660228808704
-265.61721190912 146.339772870144
-300.84047990272 226.331310097408
-293.77302807040 230.498740913152
-318.50910947840 272.057282033664

-318.50910947840 272.057282033664
-258.66375123456 307.711956206080
-266.07317654016 320.214242948608
-229.76699253248 341.861718942208
-221.90160258560 328.664862216192
-63.39689659392 423.126553042432
-40.71265603072 385.040901563904
-26.52075679232 393.491517907968
-6.17333499392 359.399645522432
4.99779854336 366.055953860608
26.48513193984 329.996124120064
16.90987461632 324.265909767680
96.70368562688 190.271453472768
86.15950345728 184.020305873408
171.53888122368 47.247459436032
27.11208331264 -53.349814218752
-108.36640865792 -159.503727712256
-196.70955654144 -32.686273162752
-236.72045321216 133.837474530304
-243.3319404032 133.027140348416
-254.95903857664 126.660228808704
-265.61721190912 146.339772870144
-300.84047990272 226.331310097408
-293.77302807040 230.498740913152
-318.50910947840 272.057282033664
