-318.50910947840 784.057282033664
-258.66375123456 819.711956206080
-266.07317654016 832.214242948608
-229.76699253248 853.861718942208
-221.90160258560 840.664862216192
-63.39689659392 935.126553042432
-40.71265603072 897.040901563904
-26.52075679232 905.491517907968
-6.17333499392 871.399645522432
4.99779854336 878.055953860608
26.48513193984 841.996124120064
16.90987461632 836.265909767680
96.70368562688 702.271453472768
86.15950345728 696.020305873408
171.53888122368 559.247459436032
27.11208331264 458.650185781248
-108.36640865792 352.496272287744
-196.70955654144 479.313726837248
-236.72045321216 645.837474530304
-243.3319404032 645.027140348416
-254.95903857664 638.660228808704
-265.61721190912 658.339772870144
-300.84047990272 738.331310097408
-293.77302807040 742.498740913152
-318.50910947840 784.057282033664

-318.50910947840 784.057282033664
-258.66375123456 819.711956206080
-266.07317654016 832.214242948608
-229.76699253248 853.861718942208
-221.90160258560 840.664862216192
-63.39689659392 935.126553042432
-40.71265603072 897.040901563904
-26.52075679232 905.491517907968
-6.17333499392 871.399645522432
4.99779854336 878.055953860608
26.48513193984 841.996124120064
16.90987461632 836.265909767680
96.70368562688 702.271453472768
86.15950345728 696.020305873408
171.53888122368 559.247459436032
27.11208331264 458.650185781248
-108.36640865792 352.496272287744
-196.70955654144 479.313726837248
-236.72045321216 645.837474530304
-243.3319404032 645.027140348416
-254.95903857664 638.660228808704
-265.61721190912 658.339772870144
-300.84047990272 738.331310097408
-293.77302807040 742.498740913152
-318.50910947840 784.057282033664
