173.86698870784 605.552285317632
223.16816478720 659.265869009408
259.81632226304 625.694881006080
268.70763263488 635.361010927616
295.89452395008 610.356410349056
286.88922243072 600.516636058624
325.70321191424 564.919801222656
276.51602699264 511.321952600064
173.86698870784 605.552285317632

351.80718723072 371.307629934080
491.38936090624 437.118426290688
500.79363148288 437.581474907648
508.08906563584 432.950988684288
515.21351304704 421.201129379328
533.28111167488 429.709648260608
564.79966702080 362.856989500928
545.3071789056 353.653894350848
557.7322151936 327.317990636032
535.73192158208 316.957271456256
532.59716472320 323.671480599040
460.26977461760 289.521621254144
463.68950937088 282.286480762368
406.46594777088 255.313874551808
351.80718723072 371.307629934080

509.17198163968 9.781945934848
550.89274567168 57.707581032960
587.48390757376 25.930802611712
611.19406856192 53.192847816192
645.50540729344 23.384029606912
549.98081640960 -86.532410939392
516.06844673024 -57.070862625280
546.21910817792 -22.400009146368
509.17198163968 9.781945934848
