-507.97112630272 421.144286281216
-304.66789498368 700.427932659712
134.82501688832 380.45276894720
-68.53520999936 101.168645310976
-507.97112630272 421.144286281216

440.6632953344 436.888370277888
570.38523379200 601.101402734080
666.42278489088 525.217287550464
535.84591275008 360.020182935552
514.41557492736 361.467250004480
453.31631394304 409.741401092608
461.69466409472 420.276046318592
440.6632953344 436.888370277888

451.15048193024 -2.904591656448
497.2029100032 60.187644554752
580.0744822784 -0.357748681728
534.02205421056 -63.450005292544
451.15048193024 -2.904591656448

