173.86698870784 93.552285317632
223.16816478720 147.265869009408
259.81632226304 113.694881006080
268.70763263488 123.361010927616
295.89452395008 98.356410349056
286.88922243072 88.516636058624
325.70321191424 52.919801222656
276.51602699264 -0.678047399936
173.86698870784 93.552285317632

363.3202942464 443.732160647680
364.23222351872 451.661846114816
365.1441527808 459.823054898688
366.51204668928 471.63076059136
373.63649410048 479.155278537728
378.1391448576 483.785750967808
393.75593357824 494.320075326464
401.50733236224 509.195466405888
665.96682026496 541.956051153408
768.90083644416 552.837657540608
1121.7034722304 565.397808811008
1136.5223228416 421.100720711168
849.37859439616 235.881672245760
772.83353141760 202.657986066944
680.78567087104 156.353187140608
398.31557992448 378.500355772928
403.78715553792 385.793353719296
366.96801132032 420.290387772928
376.54326863872 430.303787408384
363.3202942464 443.732160647680

101.71058532352 174.585703082496
167.42648823296 245.837200755200
226.70189070336 191.197549398528
161.04298335744 119.946030953472
101.71058532352 174.585703082496
