58.89819401728 136.998072237568
75.48390757376 158.356806512128
149.69215180288 100.763465969152
133.16343381504 79.404725123072
58.89819401728 136.998072237568

357.61202504704 410.146579766784
375.1096678912 432.836584082432
391.58139029504 454.253167264768
460.14707217920 401.406296757760
443.67534977024 379.989707531264
426.17770692608 357.299696811008
357.61202504704 410.146579766784

428.22954778624 24.705499650560
443.44736744448 47.048253995520
511.899058176 0.3368448512
496.68123850752 -22.005915067904
428.22954778624 24.705499650560

225.55326784000 205.994299929088
242.13898141696 227.353026334208
316.34722564608 169.817589754368
299.81850764800 148.458856785408
225.55326784000 205.994299929088

377.61747337216 559.136506834432
394.43116926976 580.263662496256
463.96577599488 524.985757023744
447.15208011264 503.858595122688
377.61747337216 559.136506834432

-71.3367046656 436.888370277888
58.38523379200 601.101402734080
154.42278489088 525.217287550464
23.84591275008 360.020182935552
2.41557492736 361.467250004480
-58.68368605696 409.741401092608
-50.30533590528 420.276046318592
-71.3367046656 436.888370277888

308.1968578048 345.54951160832
338.17653250560 384.099377544704
412.38477673984 326.563989130752
382.4051020288 288.014111347712
308.1968578048 345.54951160832

306.71497274368 12.492231251456
321.76180567552 34.950752621056
394.20318694912 -13.497143489536
379.15635401728 -35.955670670848
306.71497274368 12.492231251456

-60.84951806976 -2.904591656448
-14.7970899968 60.187644554752
68.0744822784 -0.357748681728
22.02205421056 -63.450005292544
-60.84951806976 -2.904591656448

