382.4051020288 419.274296389120
479.52556913664 518.135429722624
617.22688869376 382.866992345600
559.88933592576 324.522681128448
502.32380085760 381.072673521664
462.54088650240 340.613673534976
382.4051020288 419.274296389120

272.34663842816 439.416967130112
381.77815066112 550.780429508096
459.74810312704 524.733887584768
479.52556913664 518.135429722624
382.4051020288 419.274296389120
322.73073053184 389.870623718912
272.34663842816 439.416967130112

-2.82801836032 521.781945934848
38.89274567168 569.707581032960
75.48390757376 537.930802611712
99.19406856192 565.192847816192
133.50540729344 535.384029606912
37.98081640960 425.467589060608
4.06844673024 454.929137374720
34.21910817792 489.599990853632
-2.82801836032 521.781945934848
