-148.6797057536 443.732160647680
-147.76777648128 451.661846114816
-146.8558472192 459.823054898688
-145.48795331072 471.63076059136
-138.36350589952 479.155278537728
-133.8608551424 483.785750967808
-118.24406642176 494.320075326464
-110.49266763776 509.195466405888
153.96682026496 541.956051153408
256.90083644416 552.837657540608
609.7034722304 565.397808811008
624.5223228416 421.100720711168
337.37859439616 235.881672245760
260.83353141760 202.657986066944
168.78567087104 156.353187140608
-113.68442007552 378.500355772928
-108.21284446208 385.793353719296
-145.03198867968 420.290387772928
-135.45673136128 430.303787408384
-148.6797057536 443.732160647680

244.01983553536 76.072214889984
247.5535614464 85.680465726464
252.74015915520 91.757973528576
258.95267729408 96.504217581056
255.93191159808 103.507821389824
304.20716726272 121.219413324288
301.35738829824 131.174947922944
439.00171226112 195.017695030272
490.06975130624 95.693883237376
481.57740999168 94.304738643968
517.02866031616 29.709503646208
492.17858774016 19.811844702208
506.37048698368 -5.771580248576
449.60289001984 -41.194789792768
446.81010662912 -31.297127627776
376.53455736832 -73.839714321408
282.2068736512 10.550876797952
285.91158631424 14.486788212736
248.97845092352 41.748760603136
255.36195581440 48.752366456320
247.4965658624 59.286715266048
244.4758001664 67.853108366848
244.01983553536 76.072214889984
