510.0751996416 462.065168913920
571.74441642496 475.319933363712
549.5731360768 605.725928394240
723.69463079936 626.273691193344
737.65854772224 573.312551507456
730.07813568000 571.518239409152
756.35309773312 435.266231810560
677.52821158400 408.177885446144
683.11377833984 388.266790747648
605.08683031040 365.172233495040
596.30951109632 388.266790747648
531.84751092736 368.413575033344
510.0751996416 462.065168913920

382.4051020288 -92.725703610880
479.52556913664 6.135429722624
617.22688869376 -129.133007654400
559.88933592576 -187.477318871552
502.32380085760 -130.927326478336
462.54088650240 -171.386326465024
382.4051020288 -92.725703610880

244.01983553536 588.072214889984
247.5535614464 597.680465726464
252.74015915520 603.757973528576
258.95267729408 608.504217581056
255.93191159808 615.507821389824
304.20716726272 633.219413324288
301.35738829824 643.174947922944
439.00171226112 707.017695030272
490.06975130624 607.693883237376
481.57740999168 606.304738643968
517.02866031616 541.709503646208
492.17858774016 531.811844702208
506.37048698368 506.228419751424
449.60289001984 470.805210207232
446.81010662912 480.702872372224
376.53455736832 438.160285678592
282.2068736512 522.550876797952
285.91158631424 526.486788212736
248.97845092352 553.748760603136
255.36195581440 560.752366456320
247.4965658624 571.286715266048
244.4758001664 579.853108366848
244.01983553536 588.072214889984

272.34663842816 -72.583032869888
381.77815066112 38.780429508096
459.74810312704 12.733887584768
479.52556913664 6.135429722624
382.4051020288 -92.725703610880
322.73073053184 -122.129376281088
272.34663842816 -72.583032869888

-160.19281276928 371.307629934080
-20.61063909376 437.118426290688
-11.20636851712 437.581474907648
-3.91093436416 432.950988684288
3.21351304704 421.201129379328
21.28111167488 429.709648260608
52.79966702080 362.856989500928
33.3071789056 353.653894350848
45.7322151936 327.317990636032
23.73192158208 316.957271456256
20.59716472320 323.671480599040
-51.73022538240 289.521621254144
-48.31049062912 282.286480762368
-105.53405222912 255.313874551808
-160.19281276928 371.307629934080

-2.82801836032 9.781945934848
38.89274567168 57.707581032960
75.48390757376 25.930802611712
99.19406856192 53.192847816192
133.50540729344 23.384029606912
37.98081640960 -86.532410939392
4.06844673024 -57.070862625280
34.21910817792 -22.400009146368
-2.82801836032 9.781945934848
