-148.6797057536 -68.267839352320
-147.76777648128 -60.338153885184
-146.8558472192 -52.176945101312
-145.48795331072 -40.36923940864
-138.36350589952 -32.844721462272
-133.8608551424 -28.214249032192
-118.24406642176 -17.679924673536
-110.49266763776 -2.804533594112
153.96682026496 29.956051153408
256.90083644416 40.837657540608
609.7034722304 53.397808811008
624.5223228416 -90.899279288832
337.37859439616 -276.118327754240
260.83353141760 -309.342013933056
168.78567087104 -355.646812859392
-113.68442007552 -133.499644227072
-108.21284446208 -126.206646280704
-145.03198867968 -91.709612227072
-135.45673136128 -81.696212591616
-148.6797057536 -68.267839352320

