173.40231279104 156.299438802432
198.53736326144 194.444268875776
276.96328035840 142.754838697472
251.82822989312 104.609998094848
173.40231279104 156.299438802432

308.76681360384 367.166740555264
321.64781451776 386.962670496256
390.09950523904 342.450766609408
377.21850432000 322.654831962112
308.76681360384 367.166740555264

428.22954778624 536.705499650560
443.44736744448 559.048253995520
511.899058176 512.3368448512
496.68123850752 489.994084932096
428.22954778624 536.705499650560

193.35076554240 351.191076269568
208.28360731648 373.765384101376
272.4036340224 331.337259697152
257.4707922432 308.762946748928
193.35076554240 351.191076269568

306.71497274368 524.492231251456
321.76180567552 546.950752621056
394.20318694912 498.502856510464
379.15635401728 476.044329329152
306.71497274368 524.492231251456

-60.84951806976 509.095408343552
-14.7970899968 572.187644554752
68.0744822784 511.642251318272
22.02205421056 448.549994707456
-60.84951806976 509.095408343552

