56.43867282432 241.708334689792
129.16503200256 302.369083335168
152.7042062336 274.180360024576
79.97784707072 213.519602249216
56.43867282432 241.708334689792

304.36944272384 286.509309344768
376.18387262464 346.186043176448
407.58843679744 308.330968828928
335.77400689664 248.654222934528
304.36944272384 286.509309344768

-65.98783148032 139.951042362880
6.68153210368 200.611823965696
30.22070634496 172.423085342208
-42.44865722880 111.762294604288
-65.98783148032 139.951042362880

181.03100914688 346.070278434304
253.70037273088 406.730993272832
277.2395469824 378.542285672960
204.57018338816 317.881561702912
181.03100914688 346.070278434304

57.92055788544 80.274242811904
129.73498778624 139.951042362880
161.13955196928 102.153808772096
89.32512207872 42.476997178368
57.92055788544 80.274242811904

297.30199088640 463.687219090944
366.26664182784 524.232131204096
400.4069938176 485.393093276672
331.44234288128 424.790286262784
297.30199088640 463.687219090944

182.79787210240 181.857920301568
254.61230200320 241.534687481344
286.01686618624 203.737474395648
214.20243629056 144.060695172096
182.79787210240 181.857920301568

445.20551913984 401.926757985792
517.01994904064 461.603455040000
548.48150880768 423.806286368768
476.66707890176 364.129577271808
445.20551913984 401.926757985792

