-660.6797057536 -68.267839352320
-659.76777648128 -60.338153885184
-658.8558472192 -52.176945101312
-657.48795331072 -40.36923940864
-650.36350589952 -32.844721462272
-645.8608551424 -28.214249032192
-630.24406642176 -17.679924673536
-622.49266763776 -2.804533594112
-358.03317973504 29.956051153408
-255.09916355584 40.837657540608
97.7034722304 53.397808811008
112.5223228416 -90.899279288832
-174.62140560384 -276.118327754240
-251.16646858240 -309.342013933056
-343.21432912896 -355.646812859392
-625.68442007552 -133.499644227072
-620.21284446208 -126.206646280704
-657.03198867968 -91.709612227072
-647.45673136128 -81.696212591616
-660.6797057536 -68.267839352320
