-1.9248003584 -49.934831086080
59.74441642496 -36.680066636288
37.5731360768 93.725928394240
211.69463079936 114.273691193344
225.65854772224 61.312551507456
218.07813568000 59.518239409152
244.35309773312 -76.733768189440
165.52821158400 -103.822114553856
171.11377833984 -123.733209252352
93.08683031040 -146.827766504960
84.30951109632 -123.733209252352
19.84751092736 -143.586424966656
-1.9248003584 -49.934831086080

433.06546074624 222.453284114944
518.33084735488 254.172061427200
528.76103837696 239.412412068352
538.96324705792 242.595865949696
553.55411535872 202.194938131968
543.57988897792 198.606316617216
549.5644248064 173.254440074752
463.21612218368 141.130481996288
433.06546074624 222.453284114944

69.31967374336 243.348318677504
164.21731325952 293.646882626048
193.51304100864 277.729617013248
210.04175899136 153.517017833472
117.70892056064 142.693269272576
69.31967374336 243.348318677504

-660.6797057536 443.732160647680
-659.76777648128 451.661846114816
-658.8558472192 459.823054898688
-657.48795331072 471.63076059136
-650.36350589952 479.155278537728
-645.8608551424 483.785750967808
-630.24406642176 494.320075326464
-622.49266763776 509.195466405888
-358.03317973504 541.956051153408
-255.09916355584 552.837657540608
97.7034722304 565.397808811008
112.5223228416 421.100720711168
-174.62140560384 235.881672245760
-251.16646858240 202.657986066944
-343.21432912896 156.353187140608
-625.68442007552 378.500355772928
-620.21284446208 385.793353719296
-657.03198867968 420.290387772928
-647.45673136128 430.303787408384
-660.6797057536 443.732160647680

-267.98016446464 76.072214889984
-264.4464385536 85.680465726464
-259.25984084480 91.757973528576
-253.04732270592 96.504217581056
-256.06808840192 103.507821389824
-207.79283273728 121.219413324288
-210.64261170176 131.174947922944
-72.99828773888 195.017695030272
-21.93024869376 95.693883237376
-30.42259000832 94.304738643968
5.02866031616 29.709503646208
-19.82141225984 19.811844702208
-5.62951301632 -5.771580248576
-62.39710998016 -41.194789792768
-65.18989337088 -31.297127627776
-135.46544263168 -73.839714321408
-229.7931263488 10.550876797952
-226.08841368576 14.486788212736
-263.02154907648 41.748760603136
-256.63804418560 48.752366456320
-264.5034341376 59.286715266048
-267.5241998336 67.853108366848
-267.98016446464 76.072214889984

