44.57488106496 496.911676153344
116.38931096576 556.588342939136
147.85087072256 518.791193439232
76.03644082688 459.114514610688
44.57488106496 496.911676153344

74.95352482304 -75.140208026624
128.92833840128 1.033147868672
169.05322621952 -27.387150745088
115.07841263616 -103.560518198784
74.95352482304 -75.140208026624

284.46927427584 352.379456750592
329.55277748736 415.586992937984
359.01949198336 394.575698935296
313.87899318272 331.368155657728
284.46927427584 352.379456750592

192.59240046080 225.211849073664
248.39107258368 301.674494718976
278.08576939520 280.026481634816
222.23010169856 203.563827150336
192.59240046080 225.211849073664

100.43054876160 98.854509307904
156.28621646848 175.317206545408
185.92391769088 153.669178853888
130.12524557824 77.206472777728
100.43054876160 98.854509307904

349.5582258176 300.922023718912
405.35689794048 377.384638451712
435.05159476224 355.736634118144
395.3256759808 301.385082796032
379.19592704512 279.274010546688
349.5582258176 300.922023718912

261.67104256512 177.864033167872
317.52671026176 254.326698145280
347.16441148416 232.678679585792
291.36573937152 156.216005770752
261.67104256512 177.864033167872

170.30712896000 47.281241686528
224.28194255360 123.454547783168
264.40683037696 94.97638530048
210.43201677824 18.803067620352
170.30712896000 47.281241686528

9.46560422400 -33.522694392832
65.32127192064 42.940056894464
94.95897314304 21.234131429888
39.10330544128 -55.228628721664
9.46560422400 -33.522694392832

-66.79448086016 401.926757985792
5.01994904064 461.603455040000
36.48150880768 423.806286368768
-35.33292109824 364.129577271808
-66.79448086016 401.926757985792

