44.57488106496 -15.088323846656
116.38931096576 44.588342939136
147.85087072256 6.791193439232
76.03644082688 -52.885485389312
44.57488106496 -15.088323846656

206.84129528832 282.426586442752
297.17928846336 357.847119932928
327.9569012736 320.97614918144
289.08591620096 288.562102964224
320.20550248960 251.228060640768
283.44335384064 220.492587650560
248.56205933568 262.225686283776
233.91419545088 250.012533555712
206.84129528832 282.426586442752

-85.66001760768 52.460336361472
-14.3585479168 113.699803309568
16.76103837696 77.407607451136
-54.54043131904 16.168128635392
-85.66001760768 52.460336361472

488.22847021568 373.706844522496
558.78899738112 431.704804034048
590.82051293184 392.692206499328
520.25998578688 334.694234908160
488.22847021568 373.706844522496
