74.95352482304 436.859791973376
128.92833840128 513.033147868672
169.05322621952 484.612849254912
115.07841263616 408.439481801216
74.95352482304 436.859791973376

-82.58225632768 355.650625388032
-26.7835842048 432.113426826752
2.9111126016 410.465369633792
-52.94455509504 334.002559353856
-82.58225632768 355.650625388032

-5.01127291904 306.276824068608
48.96354066432 382.450233079808
89.08842848768 354.029914648064
35.1136148992 277.856494076928
-5.01127291904 306.276824068608

9.46560422400 478.477305607168
65.32127192064 554.940056894464
94.95897314304 533.234131429888
39.10330544128 456.771371278336
9.46560422400 478.477305607168
