285.32420795904 627.771480995328
392.01993238016 642.473098451456
404.95792888320 548.301694239744
458.98973805056 555.710386634240
473.80858866688 448.110676912640
414.6471773696 440.007414940160
427.41418713088 346.993518482944
325.79106926592 333.044324057600
313.0810550784 425.132140261888
304.13274912768 422.238117813248
290.1688322048 524.570724436480
299.57310278656 524.339202765824
285.32420795904 627.771480995328

413.62125693952 3.356837476864
492.16116519424 15.164475167232
503.78826336768 -62.106108506112
425.24835510784 -73.971631665664
413.62125693952 3.356837476864

