285.32420795904 115.771480995328
392.01993238016 130.473098451456
404.95792888320 36.301694239744
458.98973805056 43.710386634240
473.80858866688 -63.889323087360
414.6471773696 -71.992585059840
427.41418713088 -165.006481517056
325.79106926592 -178.955675942400
313.0810550784 -86.867859738112
304.13274912768 -89.761882186752
290.1688322048 12.570724436480
299.57310278656 12.339202765824
285.32420795904 115.771480995328

221.71714148352 579.682200459776
297.69224866816 585.180823438848
305.84261651968 472.719481373184
229.86750932480 467.162974816768
221.71714148352 579.682200459776
