321.28841848832 159.657885641216
576.7996004352 439.919798431744
675.68693049344 349.740566989824
626.04378094592 295.274142380544
596.23509297152 322.420534520832
547.1049036288 268.532916426240
633.16822835712 190.045659770368
649.29797728256 207.757388700672
685.43317454848 174.822832583168
593.89827421696 74.514210359808
554.28634662400 110.632266327552
571.44201597952 129.501632539648
494.09901489152 200.001272316416
443.42994490368 144.377174502912
471.35777875456 118.967201330176
423.48149215232 66.468680918528
321.28841848832 159.657885641216

