361.9745508352 273.684365012992
451.00164566528 368.78355336704
545.04435149824 280.688019604992
455.96026107904 185.588786539008
361.9745508352 273.684365012992

-190.71158151168 159.657885641216
64.7996004352 439.919798431744
163.68693049344 349.740566989824
114.04378094592 295.274142380544
84.23509297152 322.420534520832
35.1049036288 268.532916426240
121.16822835712 190.045659770368
137.29797728256 207.757388700672
173.43317454848 174.822832583168
81.89827421696 74.514210359808
42.28634662400 110.632266327552
59.44201597952 129.501632539648
-17.90098510848 200.001272316416
-68.57005509632 144.377174502912
-40.64222124544 118.967201330176
-88.51850784768 66.468680918528
-190.71158151168 159.657885641216

