116.31489283072 384.353653253632
128.56894238208 449.991160482816
213.60634668032 434.189540474368
201.35229713408 368.494146295296
116.31489283072 384.353653253632

-150.0254491648 273.684365012992
-60.99835433472 368.78355336704
33.04435149824 280.688019604992
-56.03973892096 185.588786539008
-150.0254491648 273.684365012992

169.20679041536 271.195462904320
253.21827428352 344.299713384448
245.97983570944 352.634637991936
316.36937613312 413.815288530944
322.3539119616 406.985283125248
405.56745771008 479.394904059904
472.82224127488 402.123245222912
392.230492160 331.970970053120
398.61399703552 324.620028808704
324.57673954304 260.197988075008
316.19838939648 269.806308224512
233.21282595328 197.628132165120
169.20679041536 271.195462904320

169.60575947264 552.730598742528
197.93256237568 577.677462291968
238.45641924608 531.719664684032
210.12961634304 506.772795013632
169.60575947264 552.730598742528

