172.17056052736 447.211020051968
180.03595047936 463.534062282240
196.39368173568 468.627777297920
216.85509469696 467.470114805248
253.44625659904 515.686751502336
281.20310372352 560.488273147904
311.52475188736 634.115556748288
303.03241058304 648.644207561728
299.15671118336 665.082998353408
304.11532658176 677.585739683328
315.4004512768 686.441847617024
333.24006759424 689.162351277568
346.69102431744 678.511868634624
357.34919764480 660.97330079232
408.01826762752 662.130962084864
465.12783806464 654.258865141248
523.83328473088 628.095717037568
576.21222209536 590.355948287488
611.83445914624 544.223122472448
634.40470854656 495.832843780096
651.6743690752 495.254012617216
667.46214453248 489.234168442368
675.04255657984 478.120609454592
676.01148143616 463.823477913088
668.26008265216 447.500435705856
651.90235139584 442.348836985344
631.44093842432 443.390733367808
595.02076325888 395.000428608000
567.43490289664 350.083101035008
537.45522818560 276.397822535168
547.42945455104 264.010820788736
551.41914510336 247.629877967360
546.57452087296 235.069224727552
535.34639175168 226.155212237312
517.50677543424 223.261052248064
503.99882314240 233.795794397184
493.22665865728 251.218635883008
442.55758866944 249.71367289344
385.39102265344 257.122721331712
326.51458924544 282.880739012096
273.79367840768 320.157504387584
237.82946787328 366.000969640448
214.91724500480 414.217632473088
196.39368173568 415.664710998016
180.66290184704 421.742440677888
173.13948538368 432.913886148096
172.17056052736 447.211020051968

