172.17056052736 -64.788979948032
180.03595047936 -48.465937717760
196.39368173568 -43.372222702080
216.85509469696 -44.529885194752
253.44625659904 3.686751502336
281.20310372352 48.488273147904
311.52475188736 122.115556748288
303.03241058304 136.644207561728
299.15671118336 153.082998353408
304.11532658176 165.585739683328
315.4004512768 174.441847617024
333.24006759424 177.162351277568
346.69102431744 166.511868634624
357.34919764480 148.97330079232
408.01826762752 150.130962084864
465.12783806464 142.258865141248
523.83328473088 116.095717037568
576.21222209536 78.355948287488
611.83445914624 32.223122472448
634.40470854656 -16.167156219904
651.6743690752 -16.745987382784
667.46214453248 -22.765831557632
675.04255657984 -33.879390545408
676.01148143616 -48.176522086912
668.26008265216 -64.499564294144
651.90235139584 -69.651163014656
631.44093842432 -68.609266632192
595.02076325888 -116.999571392000
567.43490289664 -161.916898964992
537.45522818560 -235.602177464832
547.42945455104 -247.989179211264
551.41914510336 -264.370122032640
546.57452087296 -276.930775272448
535.34639175168 -285.844787762688
517.50677543424 -288.738947751936
503.99882314240 -278.204205602816
493.22665865728 -260.781364116992
442.55758866944 -262.28632710656
385.39102265344 -254.877278668288
326.51458924544 -229.119260987904
273.79367840768 -191.842495612416
237.82946787328 -145.999030359552
214.91724500480 -97.782367526912
196.39368173568 -96.335289001984
180.66290184704 -90.257559322112
173.13948538368 -79.086113851904
172.17056052736 -64.788979948032

