-339.82943947264 447.211020051968
-331.96404952064 463.534062282240
-315.60631826432 468.627777297920
-295.14490530304 467.470114805248
-258.55374340096 515.686751502336
-230.79689627648 560.488273147904
-200.47524811264 634.115556748288
-208.96758941696 648.644207561728
-212.84328881664 665.082998353408
-207.88467341824 677.585739683328
-196.5995487232 686.441847617024
-178.75993240576 689.162351277568
-165.30897568256 678.511868634624
-154.65080235520 660.97330079232
-103.98173237248 662.130962084864
-46.87216193536 654.258865141248
11.83328473088 628.095717037568
64.21222209536 590.355948287488
99.83445914624 544.223122472448
122.40470854656 495.832843780096
139.6743690752 495.254012617216
155.46214453248 489.234168442368
163.04255657984 478.120609454592
164.01148143616 463.823477913088
156.26008265216 447.500435705856
139.90235139584 442.348836985344
119.44093842432 443.390733367808
83.02076325888 395.000428608000
55.43490289664 350.083101035008
25.45522818560 276.397822535168
35.42945455104 264.010820788736
39.41914510336 247.629877967360
34.57452087296 235.069224727552
23.34639175168 226.155212237312
5.50677543424 223.261052248064
-8.00117685760 233.795794397184
-18.77334134272 251.218635883008
-69.44241133056 249.71367289344
-126.60897734656 257.122721331712
-185.48541075456 282.880739012096
-238.20632159232 320.157504387584
-274.17053212672 366.000969640448
-297.08275499520 414.217632473088
-315.60631826432 415.664710998016
-331.33709815296 421.742440677888
-338.86051461632 432.913886148096
-339.82943947264 447.211020051968

