-339.82943947264 -64.788979948032
-331.96404952064 -48.465937717760
-315.60631826432 -43.372222702080
-295.14490530304 -44.529885194752
-258.55374340096 3.686751502336
-230.79689627648 48.488273147904
-200.47524811264 122.115556748288
-208.96758941696 136.644207561728
-212.84328881664 153.082998353408
-207.88467341824 165.585739683328
-196.5995487232 174.441847617024
-178.75993240576 177.162351277568
-165.30897568256 166.511868634624
-154.65080235520 148.97330079232
-103.98173237248 150.130962084864
-46.87216193536 142.258865141248
11.83328473088 116.095717037568
64.21222209536 78.355948287488
99.83445914624 32.223122472448
122.40470854656 -16.167156219904
139.6743690752 -16.745987382784
155.46214453248 -22.765831557632
163.04255657984 -33.879390545408
164.01148143616 -48.176522086912
156.26008265216 -64.499564294144
139.90235139584 -69.651163014656
119.44093842432 -68.609266632192
83.02076325888 -116.999571392000
55.43490289664 -161.916898964992
25.45522818560 -235.602177464832
35.42945455104 -247.989179211264
39.41914510336 -264.370122032640
34.57452087296 -276.930775272448
23.34639175168 -285.844787762688
5.50677543424 -288.738947751936
-8.00117685760 -278.204205602816
-18.77334134272 -260.781364116992
-69.44241133056 -262.28632710656
-126.60897734656 -254.877278668288
-185.48541075456 -229.119260987904
-238.20632159232 -191.842495612416
-274.17053212672 -145.999030359552
-297.08275499520 -97.782367526912
-315.60631826432 -96.335289001984
-331.33709815296 -90.257559322112
-338.86051461632 -79.086113851904
-339.82943947264 -64.788979948032

