325.59219922944 760.637254368768
369.13682180096 755.752248703488
379.16804375552 754.347809520128
391.87805792768 714.290752528384
423.62459559936 724.793519180288
463.12253203968 605.232883012608
488.65655156736 528.232819156992
567.99439793152 288.011741297664
595.63725388288 204.782989130752
647.61722219008 47.973218439168
615.12974199808 37.165058400768
620.65831319552 17.991257207808
614.33180389376 12.495580966912
580.020465152 -16.509382495232
516.18541636096 178.403794272768
488.88453387776 261.937885084672
410.17363888640 502.220094519808
385.0955840000 578.975929619968
325.59219922944 760.637254368768

