325.59219922944 248.637254368768
369.13682180096 243.752248703488
379.16804375552 242.347809520128
391.87805792768 202.290752528384
423.62459559936 212.793519180288
463.12253203968 93.232883012608
488.65655156736 16.232819156992
567.99439793152 -223.988258702336
595.63725388288 -307.217010869248
647.61722219008 -464.026781560832
615.12974199808 -474.834941599232
620.65831319552 -494.008742792192
614.33180389376 -499.504419033088
580.020465152 -528.509382495232
516.18541636096 -333.596205727232
488.88453387776 -250.062114915328
410.17363888640 -9.779905480192
385.0955840000 66.975929619968
325.59219922944 248.637254368768
