306.48996889088 -34.805836052992
344.96198490624 4.518351264768
398.48083386368 -29.493406029312
423.27391084544 4.335164098048
559.6643320832 -69.733544625664
635.52544811008 -316.548258961920
616.43192904704 -321.189017054720
620.64960191488 -335.355543219712
639.74312098304 -330.226283489792
698.96152784896 -522.940097597952
680.38096900608 -528.435744671232
684.82662418944 -542.480177585664
703.40718304256 -537.411968933888
774.59466156544 -769.023286222848
697.47964279808 -912.460171392512
682.66079218688 -940.060653733888
600.07419779584 -967.233703159808
578.92883787776 -913.009738435072
663.16830406656 -751.925673438720
470.23826818048 -164.197187249152
313.61441630208 -72.725604198912
306.48996889088 -34.805836052992

