-186.40780077056 760.637254368768
-142.86317819904 755.752248703488
-132.83195624448 754.347809520128
-120.12194207232 714.290752528384
-88.37540440064 724.793519180288
-48.87746796032 605.232883012608
-23.34344843264 528.232819156992
55.99439793152 288.011741297664
83.63725388288 204.782989130752
135.61722219008 47.973218439168
103.12974199808 37.165058400768
108.65831319552 17.991257207808
102.33180389376 12.495580966912
68.020465152 -16.509382495232
4.18541636096 178.403794272768
-23.11546612224 261.937885084672
-101.82636111360 502.220094519808
-126.9044160000 578.975929619968
-186.40780077056 760.637254368768

