306.48996889088 477.194163947008
344.96198490624 516.518351264768
398.48083386368 482.506593970688
423.27391084544 516.335164098048
559.6643320832 442.266455374336
635.52544811008 195.451741038080
616.43192904704 190.810982945280
620.64960191488 176.644456780288
639.74312098304 181.773716510208
698.96152784896 -10.940097597952
680.38096900608 -16.435744671232
684.82662418944 -30.480177585664
703.40718304256 -25.411968933888
774.59466156544 -257.023286222848
697.47964279808 -400.460171392512
682.66079218688 -428.060653733888
600.07419779584 -455.233703159808
578.92883787776 -401.009738435072
663.16830406656 -239.925673438720
470.23826818048 347.802812750848
313.61441630208 439.274395801088
306.48996889088 477.194163947008

