-186.40780077056 1272.637254368768
-142.86317819904 1267.752248703488
-132.83195624448 1266.347809520128
-120.12194207232 1226.290752528384
-88.37540440064 1236.793519180288
-48.87746796032 1117.232883012608
-23.34344843264 1040.232819156992
55.99439793152 800.011741297664
83.63725388288 716.782989130752
135.61722219008 559.973218439168
103.12974199808 549.165058400768
108.65831319552 529.991257207808
102.33180389376 524.495580966912
68.020465152 495.490617504768
4.18541636096 690.403794272768
-23.11546612224 773.937885084672
-101.82636111360 1014.220094519808
-126.9044160000 1090.975929619968
-186.40780077056 1272.637254368768
