-205.51003110912 989.194163947008
-167.03801509376 1028.518351264768
-113.51916613632 994.506593970688
-88.72608915456 1028.335164098048
47.6643320832 954.266455374336
123.52544811008 707.451741038080
104.43192904704 702.810982945280
108.64960191488 688.644456780288
127.74312098304 693.773716510208
186.96152784896 501.059902402048
168.38096900608 495.564255328768
172.82662418944 481.519822414336
191.40718304256 486.588031066112
262.59466156544 254.976713777152
185.47964279808 111.539828607488
170.66079218688 83.939346266112
88.07419779584 56.766296840192
66.92883787776 110.990261564928
151.16830406656 272.074326561280
-41.76173181952 859.802812750848
-198.38558369792 951.274395801088
-205.51003110912 989.194163947008

