-205.51003110912 477.194163947008
-167.03801509376 516.518351264768
-113.51916613632 482.506593970688
-88.72608915456 516.335164098048
47.6643320832 442.266455374336
123.52544811008 195.451741038080
104.43192904704 190.810982945280
108.64960191488 176.644456780288
127.74312098304 181.773716510208
186.96152784896 -10.940097597952
168.38096900608 -16.435744671232
172.82662418944 -30.480177585664
191.40718304256 -25.411968933888
262.59466156544 -257.023286222848
185.47964279808 -400.460171392512
170.66079218688 -428.060653733888
88.07419779584 -455.233703159808
66.92883787776 -401.009738435072
151.16830406656 -239.925673438720
-41.76173181952 347.802812750848
-198.38558369792 439.274395801088
-205.51003110912 477.194163947008
