227.28826417664 165.714247587328
279.43921921024 185.437473283584
286.50667104256 166.752312205312
331.98914333184 46.703113909248
279.83818827264 26.979858153472
275.56351982592 38.337522981888
271.51683369472 48.901371258368
233.44378673152 149.532650559488
227.28826417664 165.714247587328

15.43569596928 94.393073800192
66.95969963520 112.284435148288
73.57118683648 93.110757667328
106.91360072704 -3.001941304832
115.0069729792 -26.450035743232
63.48296930816 -44.280361601536
15.43569596928 94.393073800192

