359.82986444288 -97.444102318592
388.84061430784 -37.421076707328
404.91336766464 -23.682342945792
383.02706521600 60.826089353728
516.79568980992 222.454353689088
613.28920552960 252.007809589248
766.77830054912 166.400458481664
797.78389568000 80.060295280128
772.70584080384 32.615913312768
799.72174538240 -60.257909862912
847.19906292736 -88.590245591552
807.64413090304 -172.915633219072
757.60201228800 -186.776511795712
577.7239640576 -202.591349402112
527.05489407488 -182.257987272192
438.99672408064 -206.499263365632
385.02191049216 -175.541262036992
359.82986444288 -97.444102318592
