359.82986444288 414.555897681408
388.84061430784 474.578923292672
404.91336766464 488.317657054208
383.02706521600 572.826089353728
516.79568980992 734.454353689088
613.28920552960 764.007809589248
766.77830054912 678.400458481664
797.78389568000 592.060295280128
772.70584080384 544.615913312768
799.72174538240 451.742090137088
847.19906292736 423.409754408448
807.64413090304 339.084366780928
757.60201228800 325.223488204288
577.7239640576 309.408650597888
527.05489407488 329.742012727808
438.99672408064 305.500736634368
385.02191049216 336.458737963008
359.82986444288 414.555897681408
