-152.17013555712 414.555897681408
-123.15938569216 474.578923292672
-107.08663233536 488.317657054208
-128.97293478400 572.826089353728
4.79568980992 734.454353689088
101.28920552960 764.007809589248
254.77830054912 678.400458481664
285.78389568000 592.060295280128
260.70584080384 544.615913312768
287.72174538240 451.742090137088
335.19906292736 423.409754408448
295.64413090304 339.084366780928
245.60201228800 325.223488204288
65.7239640576 309.408650597888
15.05489407488 329.742012727808
-73.00327591936 305.500736634368
-126.97808950784 336.458737963008
-152.17013555712 414.555897681408
