-152.17013555712 -97.444102318592
-123.15938569216 -37.421076707328
-107.08663233536 -23.682342945792
-128.97293478400 60.826089353728
4.79568980992 222.454353689088
101.28920552960 252.007809589248
254.77830054912 166.400458481664
285.78389568000 80.060295280128
260.70584080384 32.615913312768
287.72174538240 -60.257909862912
335.19906292736 -88.590245591552
295.64413090304 -172.915633219072
245.60201228800 -186.776511795712
65.7239640576 -202.591349402112
15.05489407488 -182.257987272192
-73.00327591936 -206.499263365632
-126.97808950784 -175.541262036992
-152.17013555712 -97.444102318592
