36.36252945408 490.357437565952
153.77342279168 622.418988226048
187.57180129792 599.462394001920
312.16413762048 698.798466185728
296.31936656384 741.048317769216
459.44071449088 803.568293402624
525.15661741056 640.918579890688
364.54307498496 576.139465218048
340.09197146112 632.554078512640
242.05957510144 553.243914142208
297.57326932480 511.848743182848
269.58843988992 473.445241797632
361.92127833088 426.371929457664
365.79697772544 461.051103554048
548.80978281472 442.246200926720
532.96501177344 262.134112222720
343.34071948800 291.684730188288
353.54292818944 367.820265760768
230.4324769280 432.721638379008
177.8255572480 372.643605483008
36.36252945408 490.357437565952

