36.36252945408 -21.642562434048
153.77342279168 110.418988226048
187.57180129792 87.462394001920
312.16413762048 186.798466185728
296.31936656384 229.048317769216
459.44071449088 291.568293402624
525.15661741056 128.918579890688
364.54307498496 64.139465218048
340.09197146112 120.554078512640
242.05957510144 41.243914142208
297.57326932480 -0.151256817152
269.58843988992 -38.554758202368
361.92127833088 -85.628070542336
365.79697772544 -50.948896445952
548.80978281472 -69.753799073280
532.96501177344 -249.865887777280
343.34071948800 -220.315269811712
353.54292818944 -144.179734239232
230.4324769280 -79.278361620992
177.8255572480 -139.356394516992
36.36252945408 -21.642562434048
