157.87710449664 138.738735523328
219.20434779648 205.834481778688
315.01391658496 118.286428156416
253.62967769600 51.190617428480
157.87710449664 138.738735523328

-191.33480979456 490.578755059712
-156.567506432 528.796936696320
119.06311499264 277.692200729088
77.11436864512 231.659309982208
28.72512182784 275.738550665728
15.50214743552 261.269328583168
-24.79372711424 297.900266111488
-16.07340348416 307.485359001088
-106.69637456384 390.027008903680
-114.4477733376 381.540851600896
-154.80064347136 418.293843718144
-135.42214651392 439.600804121088
-191.33480979456 490.578755059712
