-475.63747054592 490.357437565952
-358.22657720832 622.418988226048
-324.42819870208 599.462394001920
-199.83586237952 698.798466185728
-215.68063343616 741.048317769216
-52.55928550912 803.568293402624
13.15661741056 640.918579890688
-147.45692501504 576.139465218048
-171.90802853888 632.554078512640
-269.94042489856 553.243914142208
-214.42673067520 511.848743182848
-242.41156011008 473.445241797632
-150.07872166912 426.371929457664
-146.20302227456 461.051103554048
36.80978281472 442.246200926720
20.96501177344 262.134112222720
-168.65928051200 291.684730188288
-158.45707181056 367.820265760768
-281.5675230720 432.721638379008
-334.1744427520 372.643605483008
-475.63747054592 490.357437565952
