-475.63747054592 -21.642562434048
-358.22657720832 110.418988226048
-324.42819870208 87.462394001920
-199.83586237952 186.798466185728
-215.68063343616 229.048317769216
-52.55928550912 291.568293402624
13.15661741056 128.918579890688
-147.45692501504 64.139465218048
-171.90802853888 120.554078512640
-269.94042489856 41.243914142208
-214.42673067520 -0.151256817152
-242.41156011008 -38.554758202368
-150.07872166912 -85.628070542336
-146.20302227456 -50.948896445952
36.80978281472 -69.753799073280
20.96501177344 -249.865887777280
-168.65928051200 -220.315269811712
-158.45707181056 -144.179734239232
-281.5675230720 -79.278361620992
-334.1744427520 -139.356394516992
-475.63747054592 -21.642562434048
