489.46867350528 272.642908466688
491.74849668096 298.227970679296
505.1424578048 317.340434892288
527.31373815296 321.553725190656
547.54716879360 320.027170759168
565.04481163264 309.158102467584
571.88428115456 321.126289950208
667.29488087552 265.742878520832
693.85482082304 249.927763672576
808.52992635904 182.209731162112
833.43699449344 167.432660561408
816.56630303232 139.221882756608
804.54023579136 118.582823317504
790.46232771584 94.524268842496
775.30150362624 69.061274052096
748.22860346368 85.059607341568
652.30504353280 141.664374683648
635.43435206144 151.556466334208
608.58943420928 167.554785120768
516.82655156736 221.655949193728
525.26189729280 236.005575349760
501.49474073088 250.049888120320
489.46867350528 272.642908466688
