-22.53132649472 272.642908466688
-20.25150331904 298.227970679296
-6.8575421952 317.340434892288
15.31373815296 321.553725190656
35.54716879360 320.027170759168
53.04481163264 309.158102467584
59.88428115456 321.126289950208
155.29488087552 265.742878520832
181.85482082304 249.927763672576
296.52992635904 182.209731162112
321.43699449344 167.432660561408
304.56630303232 139.221882756608
292.54023579136 118.582823317504
278.46232771584 94.524268842496
263.30150362624 69.061274052096
236.22860346368 85.059607341568
140.30504353280 141.664374683648
123.43435206144 151.556466334208
96.58943420928 167.554785120768
4.82655156736 221.655949193728
13.26189729280 236.005575349760
-10.50525926912 250.049888120320
-22.53132649472 272.642908466688

