433.09606226944 -164.428135923712
460.85290937344 -154.230927993856
441.70239473152 -90.788444423168
492.48545588224 13.259575336448
638.62212116992 69.557808740864
673.33242895872 82.930160583168
700.17734681088 7.458779245056
666.09399038976 -5.425095505408
530.84348073984 -56.227880067072
520.24230299648 -81.690344051712
576.61093090304 -259.866730222080
601.40400789504 -266.278155691008
732.37984909824 -222.314104403968
769.42697563648 -209.857627064832
789.94538417664 -274.399295263232
751.3593769984 -287.283209914368
613.82904418304 -333.140191068672
504.3405363712 -298.213167373824
483.25217204224 -228.481282539008
455.95128955904 -237.090908160512
433.09606226944 -164.428135923712
