433.09606226944 347.571864076288
460.85290937344 357.769072006144
441.70239473152 421.211555576832
492.48545588224 525.259575336448
638.62212116992 581.557808740864
673.33242895872 594.930160583168
700.17734681088 519.458779245056
666.09399038976 506.574904494592
530.84348073984 455.772119932928
520.24230299648 430.309655948288
576.61093090304 252.133269777920
601.40400789504 245.721844308992
732.37984909824 289.685895596032
769.42697563648 302.142372935168
789.94538417664 237.600704736768
751.3593769984 224.716790085632
613.82904418304 178.859808931328
504.3405363712 213.786832626176
483.25217204224 283.518717460992
455.95128955904 274.909091839488
433.09606226944 347.571864076288

