300.74361589248 776.036796122112
321.09103770112 782.081819217408
342.1224064512 788.371085236736
386.92093176832 801.682345867776
430.92151898112 658.189296079360
512.3112061952 380.239562099712
569.53476780544 397.458792603648
562.75229386240 420.112456138752
739.32459850240 473.296641366528
766.96745444864 481.600943031808
796.83313799680 576.306565016064
790.33564195328 597.189416177664
712.08071160320 658.799905281536
674.17865137664 642.130272603648
639.2973568512 721.631570247168
713.44860550656 754.238073165824
806.80736437760 685.361401594368
834.2222380032 696.901911368704
871.3833556992 813.528144979968
968.21884490752 782.631366752768
848.12915936256 406.190528813568
765.37157823488 381.277600913408
584.92357421568 326.872139070464
579.28101185536 345.678969061888
527.24404798464 330.047318432768
533.17158821888 310.263506751488
447.10826348544 284.678879719424
300.74361589248 776.036796122112

-78.90393773056 347.571864076288
-51.14709062656 357.769072006144
-70.29760526848 421.211555576832
-19.51454411776 525.259575336448
126.62212116992 581.557808740864
161.33242895872 594.930160583168
188.17734681088 519.458779245056
154.09399038976 506.574904494592
18.84348073984 455.772119932928
8.24230299648 430.309655948288
64.61093090304 252.133269777920
89.40400789504 245.721844308992
220.37984909824 289.685895596032
257.42697563648 302.142372935168
277.94538417664 237.600704736768
239.3593769984 224.716790085632
101.82904418304 178.859808931328
-7.6594636288 213.786832626176
-28.74782795776 283.518717460992
-56.04871044096 274.909091839488
-78.90393773056 347.571864076288

