300.74361589248 264.036796122112
321.09103770112 270.081819217408
342.1224064512 276.371085236736
386.92093176832 289.682345867776
430.92151898112 146.189296079360
512.3112061952 -131.760437900288
569.53476780544 -114.541207396352
562.75229386240 -91.887543861248
739.32459850240 -38.703358633472
766.96745444864 -30.399056968192
796.83313799680 64.306565016064
790.33564195328 85.189416177664
712.08071160320 146.799905281536
674.17865137664 130.130272603648
639.2973568512 209.631570247168
713.44860550656 242.238073165824
806.80736437760 173.361401594368
834.2222380032 184.901911368704
871.3833556992 301.528144979968
968.21884490752 270.631366752768
848.12915936256 -105.809471186432
765.37157823488 -130.722399086592
584.92357421568 -185.127860929536
579.28101185536 -166.321030938112
527.24404798464 -181.952681567232
533.17158821888 -201.736493248512
447.10826348544 -227.321120280576
300.74361589248 264.036796122112

-78.90393773056 -164.428135923712
-51.14709062656 -154.230927993856
-70.29760526848 -90.788444423168
-19.51454411776 13.259575336448
126.62212116992 69.557808740864
161.33242895872 82.930160583168
188.17734681088 7.458779245056
154.09399038976 -5.425095505408
18.84348073984 -56.227880067072
8.24230299648 -81.690344051712
64.61093090304 -259.866730222080
89.40400789504 -266.278155691008
220.37984909824 -222.314104403968
257.42697563648 -209.857627064832
277.94538417664 -274.399295263232
239.3593769984 -287.283209914368
101.82904418304 -333.140191068672
-7.6594636288 -298.213167373824
-28.74782795776 -228.481282539008
-56.04871044096 -237.090908160512
-78.90393773056 -164.428135923712

