-211.25638410752 776.036796122112
-190.90896229888 782.081819217408
-169.8775935488 788.371085236736
-125.07906823168 801.682345867776
-81.07848101888 658.189296079360
0.3112061952 380.239562099712
57.53476780544 397.458792603648
50.75229386240 420.112456138752
227.32459850240 473.296641366528
254.96745444864 481.600943031808
284.83313799680 576.306565016064
278.33564195328 597.189416177664
200.08071160320 658.799905281536
162.17865137664 642.130272603648
127.2973568512 721.631570247168
201.44860550656 754.238073165824
294.80736437760 685.361401594368
322.2222380032 696.901911368704
359.3833556992 813.528144979968
456.21884490752 782.631366752768
336.12915936256 406.190528813568
253.37157823488 381.277600913408
72.92357421568 326.872139070464
67.28101185536 345.678969061888
15.24404798464 330.047318432768
21.17158821888 310.263506751488
-64.89173651456 284.678879719424
-211.25638410752 776.036796122112
