-211.25638410752 264.036796122112
-190.90896229888 270.081819217408
-169.8775935488 276.371085236736
-125.07906823168 289.682345867776
-81.07848101888 146.189296079360
0.3112061952 -131.760437900288
57.53476780544 -114.541207396352
50.75229386240 -91.887543861248
227.32459850240 -38.703358633472
254.96745444864 -30.399056968192
284.83313799680 64.306565016064
278.33564195328 85.189416177664
200.08071160320 146.799905281536
162.17865137664 130.130272603648
127.2973568512 209.631570247168
201.44860550656 242.238073165824
294.80736437760 173.361401594368
322.2222380032 184.901911368704
359.3833556992 301.528144979968
456.21884490752 270.631366752768
336.12915936256 -105.809471186432
253.37157823488 -130.722399086592
72.92357421568 -185.127860929536
67.28101185536 -166.321030938112
15.24404798464 -181.952681567232
21.17158821888 -201.736493248512
-64.89173651456 -227.321120280576
-211.25638410752 264.036796122112

