413.40645359616 436.831555568128
529.22147070464 469.559914408448
532.29923199488 458.691169678848
650.79304132096 492.152244796928
642.24370443264 522.438170797568
682.31159666688 533.734330129920
690.86093356032 503.448407891456
824.85754046464 541.366869428736
837.16858558464 498.014037716992
848.11173681152 501.250235724288
867.14826029568 436.220951746048
850.56254671872 431.397181415936
864.41247249408 382.487799420928
733.09465780736 345.363057461248
741.24502564352 316.664644584960
701.7470892032 305.551639720448
693.6537169408 334.250056099328
585.13413398528 303.597704658944
588.61086432256 291.385609577472
499.29879158784 266.289749041152
464.41749704704 256.275827088896
453.93031046144 292.728940118528
423.55166670336 400.622741877248
413.40645359616 436.831555568128

138.51677470208 -100.012905590272
192.54858385920 58.744885347328
257.46654866944 67.598677075456
411.12663042048 -98.730630018048
331.84577963520 -164.493072058368
138.51677470208 -100.012905590272
