429.65019368960 268.051315404288
460.99776229376 320.929391422976
517.19540347904 387.484893797888
574.47596065280 424.426229618176
530.87434250752 424.426229618176
527.79658121728 492.386036358656
991.91158334464 529.754749436928
957.71423578112 400.063267675648
893.5942090752 412.519519706112
828.27727521792 412.885880034304
760.6805181952 402.688850353152
702.65901846528 383.393868907008
640.07787241472 354.268208785408
591.11866981376 319.341828387328
540.84856887808 271.409623683072
507.84812847104 215.478509593088
429.65019368960 268.051315404288
