-82.34980631040 -243.948684595712
-51.00223770624 -191.070608577024
5.19540347904 -124.515106202112
62.47596065280 -87.573770381824
18.87434250752 -87.573770381824
15.79658121728 -19.613963641344
479.91158334464 17.754749436928
445.71423578112 -111.936732324352
381.5942090752 -99.480480293888
316.27727521792 -99.114119965696
248.6805181952 -109.311149646848
190.65901846528 -128.606131092992
128.07787241472 -157.731791214592
79.11866981376 -192.658171612672
28.84856887808 -240.590376316928
-4.15187152896 -296.521490406912
-82.34980631040 -243.948684595712
