-98.59354640384 436.831555568128
17.22147070464 469.559914408448
20.29923199488 458.691169678848
138.79304132096 492.152244796928
130.24370443264 522.438170797568
170.31159666688 533.734330129920
178.86093356032 503.448407891456
312.85754046464 541.366869428736
325.16858558464 498.014037716992
336.11173681152 501.250235724288
355.14826029568 436.220951746048
338.56254671872 431.397181415936
352.41247249408 382.487799420928
221.09465780736 345.363057461248
229.24502564352 316.664644584960
189.7470892032 305.551639720448
181.6537169408 334.250056099328
73.13413398528 303.597704658944
76.61086432256 291.385609577472
-12.70120841216 266.289749041152
-47.58250295296 256.275827088896
-58.06968953856 292.728940118528
-88.44833329664 400.622741877248
-98.59354640384 436.831555568128

