-98.59354640384 -75.168444431872
17.22147070464 -42.440085591552
20.29923199488 -53.308830321152
138.79304132096 -19.847755203072
130.24370443264 10.438170797568
170.31159666688 21.734330129920
178.86093356032 -8.551592108544
312.85754046464 29.366869428736
325.16858558464 -13.985962283008
336.11173681152 -10.749764275712
355.14826029568 -75.779048253952
338.56254671872 -80.602818584064
352.41247249408 -129.512200579072
221.09465780736 -166.636942538752
229.24502564352 -195.335355415040
189.7470892032 -206.448360279552
181.6537169408 -177.749943900672
73.13413398528 -208.402295341056
76.61086432256 -220.614390422528
-12.70120841216 -245.710250958848
-47.58250295296 -255.724172911104
-58.06968953856 -219.271059881472
-88.44833329664 -111.377258122752
-98.59354640384 -75.168444431872

-82.34980631040 268.051315404288
-51.00223770624 320.929391422976
5.19540347904 387.484893797888
62.47596065280 424.426229618176
18.87434250752 424.426229618176
15.79658121728 492.386036358656
479.91158334464 529.754749436928
445.71423578112 400.063267675648
381.5942090752 412.519519706112
316.27727521792 412.885880034304
248.6805181952 402.688850353152
190.65901846528 383.393868907008
128.07787241472 354.268208785408
79.11866981376 319.341828387328
28.84856887808 271.409623683072
-4.15187152896 215.478509593088
-82.34980631040 268.051315404288

