4.83600744960 163.341693983744
24.21450440704 230.752533227008
211.44498236416 181.232437887488
267.41464122368 359.773320939008
323.44129565696 538.313853788672
335.75234079744 548.510925632000
350.34320908288 554.983317948928
366.1879801344 557.181488818688
382.03275116544 555.044378249728
396.68061504000 548.633046245888
409.04865574400 538.435974414848
418.11095286272 525.308006005248
423.29755057152 510.165044742144
313.01110465536 154.793214424064
363.73717021696 139.222767451648
342.19284125184 64.362463648768
286.50816029184 80.360347772416
259.26427338240 -14.283664090112
166.41847472640 12.460911815168
194.17532184576 108.814592747008
4.83600744960 163.341693983744

