4.83600744960 -348.658306016256
24.21450440704 -281.247466772992
211.44498236416 -330.767562112512
267.41464122368 -152.226679060992
323.44129565696 26.313853788672
335.75234079744 36.510925632000
350.34320908288 42.983317948928
366.1879801344 45.181488818688
382.03275116544 43.044378249728
396.68061504000 36.633046245888
409.04865574400 26.435974414848
418.11095286272 13.308006005248
423.29755057152 -1.834955257856
313.01110465536 -357.206785575936
363.73717021696 -372.777232548352
342.19284125184 -447.637536351232
286.50816029184 -431.639652227584
259.26427338240 -526.283664090112
166.41847472640 -499.539088184832
194.17532184576 -403.185407252992
4.83600744960 -348.658306016256

