4.83600744960 675.341693983744
24.21450440704 742.752533227008
211.44498236416 693.232437887488
267.41464122368 871.773320939008
323.44129565696 1050.313853788672
335.75234079744 1060.510925632000
350.34320908288 1066.983317948928
366.1879801344 1069.181488818688
382.03275116544 1067.044378249728
396.68061504000 1060.633046245888
409.04865574400 1050.435974414848
418.11095286272 1037.308006005248
423.29755057152 1022.165044742144
313.01110465536 666.793214424064
363.73717021696 651.222767451648
342.19284125184 576.362463648768
286.50816029184 592.360347772416
259.26427338240 497.716335909888
166.41847472640 524.460911815168
194.17532184576 620.814592747008
4.83600744960 675.341693983744

