9.19395719168 384.438780965376
16.1474178560 418.52702452224
33.5880651264 448.499165267456
59.80603159552 471.340599904768
91.95153830400 484.500511428608
126.60485050880 486.645518939648
160.17524672512 477.543730125824
188.9580142592 458.180687413760
210.04637859328 430.527476063232
221.1035209728 397.598698891776
220.98952980992 362.872745966080
209.30543606784 329.248277599232
187.19115130368 301.305180105728
157.09748543488 282.231984492032
122.44417323008 274.115730421248
86.99292291584 277.883991286272
54.79042061312 293.072980423168
29.37039226368 318.059444477952
13.6396123648 350.002691579392
9.19395719168 384.438780965376
