450.47312816128 381.417607407104
537.96134237184 410.529041453056
469.11068259840 617.556432339456
590.91023552512 658.092019186688
560.07562713600 750.761323062784
947.01861491200 879.500826165248
933.7956405248 919.282473502208
917.03894020608 969.676413348352
1307.45865831936 1099.575570736640
1336.86837722624 1011.255752224256
1538.06277211136 1078.235001423872
1699.58824380416 592.794345393664
1669.60856909824 582.819920630784
1697.08043830784 500.240940562944
1657.52550629376 487.135003386368
1683.4014992896 409.311232554496
1451.54348274688 332.183318612992
1511.90180121088 150.787611109888
625.33556542464 -144.212774378496
450.47312816128 381.417607407104

