450.47312816128 -130.582392592896
537.96134237184 -101.470958546944
469.11068259840 105.556432339456
590.91023552512 146.092019186688
560.07562713600 238.761323062784
947.01861491200 367.500826165248
933.7956405248 407.282473502208
917.03894020608 457.676413348352
1307.45865831936 587.575570736640
1336.86837722624 499.255752224256
1538.06277211136 566.235001423872
1699.58824380416 80.794345393664
1669.60856909824 70.819920630784
1697.08043830784 -11.759059437056
1657.52550629376 -24.864996613632
1683.4014992896 -102.688767445504
1451.54348274688 -179.816681387008
1511.90180121088 -361.212388890112
625.33556542464 -656.212774378496
450.47312816128 -130.582392592896

