-61.52687183872 893.417607407104
25.96134237184 922.529041453056
-42.88931740160 1129.556432339456
78.91023552512 1170.092019186688
48.07562713600 1262.761323062784
435.01861491200 1391.500826165248
421.7956405248 1431.282473502208
405.03894020608 1481.676413348352
795.45865831936 1611.575570736640
824.86837722624 1523.255752224256
1026.06277211136 1590.235001423872
1187.58824380416 1104.794345393664
1157.60856909824 1094.819920630784
1185.08043830784 1012.240940562944
1145.52550629376 999.135003386368
1171.4014992896 921.311232554496
939.54348274688 844.183318612992
999.90180121088 662.787611109888
113.33556542464 367.787225621504
-61.52687183872 893.417607407104
