-61.52687183872 -130.582392592896
25.96134237184 -101.470958546944
-42.88931740160 105.556432339456
78.91023552512 146.092019186688
48.07562713600 238.761323062784
435.01861491200 367.500826165248
421.7956405248 407.282473502208
405.03894020608 457.676413348352
795.45865831936 587.575570736640
824.86837722624 499.255752224256
1026.06277211136 566.235001423872
1187.58824380416 80.794345393664
1157.60856909824 70.819920630784
1185.08043830784 -11.759059437056
1145.52550629376 -24.864996613632
1171.4014992896 -102.688767445504
939.54348274688 -179.816681387008
999.90180121088 -361.212388890112
113.33556542464 -656.212774378496
-61.52687183872 -130.582392592896

