-61.52687183872 381.417607407104
25.96134237184 410.529041453056
-42.88931740160 617.556432339456
78.91023552512 658.092019186688
48.07562713600 750.761323062784
435.01861491200 879.500826165248
421.7956405248 919.282473502208
405.03894020608 969.676413348352
795.45865831936 1099.575570736640
824.86837722624 1011.255752224256
1026.06277211136 1078.235001423872
1187.58824380416 592.794345393664
1157.60856909824 582.819920630784
1185.08043830784 500.240940562944
1145.52550629376 487.135003386368
1171.4014992896 409.311232554496
939.54348274688 332.183318612992
999.90180121088 150.787611109888
113.33556542464 -144.212774378496
-61.52687183872 381.417607407104

