-573.52687183872 381.417607407104
-486.03865762816 410.529041453056
-554.88931740160 617.556432339456
-433.08976447488 658.092019186688
-463.92437286400 750.761323062784
-76.98138508800 879.500826165248
-90.2043594752 919.282473502208
-106.96105979392 969.676413348352
283.45865831936 1099.575570736640
312.86837722624 1011.255752224256
514.06277211136 1078.235001423872
675.58824380416 592.794345393664
645.60856909824 582.819920630784
673.08043830784 500.240940562944
633.52550629376 487.135003386368
659.4014992896 409.311232554496
427.54348274688 332.183318612992
487.90180121088 150.787611109888
-398.66443457536 -144.212774378496
-573.52687183872 381.417607407104

