-573.52687183872 -130.582392592896
-486.03865762816 -101.470958546944
-554.88931740160 105.556432339456
-433.08976447488 146.092019186688
-463.92437286400 238.761323062784
-76.98138508800 367.500826165248
-90.2043594752 407.282473502208
-106.96105979392 457.676413348352
283.45865831936 587.575570736640
312.86837722624 499.255752224256
514.06277211136 566.235001423872
675.58824380416 80.794345393664
645.60856909824 70.819920630784
673.08043830784 -11.759059437056
633.52550629376 -24.864996613632
659.4014992896 -102.688767445504
427.54348274688 -179.816681387008
487.90180121088 -361.212388890112
-398.66443457536 -656.212774378496
-573.52687183872 -130.582392592896
