-573.52687183872 -642.582392592896
-486.03865762816 -613.470958546944
-554.88931740160 -406.443567660544
-433.08976447488 -365.907980813312
-463.92437286400 -273.238676937216
-76.98138508800 -144.499173834752
-90.2043594752 -104.717526497792
-106.96105979392 -54.323586651648
283.45865831936 75.575570736640
312.86837722624 -12.744247775744
514.06277211136 54.235001423872
675.58824380416 -431.205654606336
645.60856909824 -441.180079369216
673.08043830784 -523.759059437056
633.52550629376 -536.864996613632
659.4014992896 -614.688767445504
427.54348274688 -691.816681387008
487.90180121088 -873.212388890112
-398.66443457536 -1168.212774378496
-573.52687183872 -642.582392592896

