-573.52687183872 893.417607407104
-486.03865762816 922.529041453056
-554.88931740160 1129.556432339456
-433.08976447488 1170.092019186688
-463.92437286400 1262.761323062784
-76.98138508800 1391.500826165248
-90.2043594752 1431.282473502208
-106.96105979392 1481.676413348352
283.45865831936 1611.575570736640
312.86837722624 1523.255752224256
514.06277211136 1590.235001423872
675.58824380416 1104.794345393664
645.60856909824 1094.819920630784
673.08043830784 1012.240940562944
633.52550629376 999.135003386368
659.4014992896 921.311232554496
427.54348274688 844.183318612992
487.90180121088 662.787611109888
-398.66443457536 367.787225621504
-573.52687183872 893.417607407104
