-1085.52687183872 -642.582392592896
-998.03865762816 -613.470958546944
-1066.88931740160 -406.443567660544
-945.08976447488 -365.907980813312
-975.92437286400 -273.238676937216
-588.98138508800 -144.499173834752
-602.2043594752 -104.717526497792
-618.96105979392 -54.323586651648
-228.54134168064 75.575570736640
-199.13162277376 -12.744247775744
2.06277211136 54.235001423872
163.58824380416 -431.205654606336
133.60856909824 -441.180079369216
161.08043830784 -523.759059437056
121.52550629376 -536.864996613632
147.4014992896 -614.688767445504
-84.45651725312 -691.816681387008
-24.09819878912 -873.212388890112
-910.66443457536 -1168.212774378496
-1085.52687183872 -642.582392592896

