-1085.52687183872 381.417607407104
-998.03865762816 410.529041453056
-1066.88931740160 617.556432339456
-945.08976447488 658.092019186688
-975.92437286400 750.761323062784
-588.98138508800 879.500826165248
-602.2043594752 919.282473502208
-618.96105979392 969.676413348352
-228.54134168064 1099.575570736640
-199.13162277376 1011.255752224256
2.06277211136 1078.235001423872
163.58824380416 592.794345393664
133.60856909824 582.819920630784
161.08043830784 500.240940562944
121.52550629376 487.135003386368
147.4014992896 409.311232554496
-84.45651725312 332.183318612992
-24.09819878912 150.787611109888
-910.66443457536 -144.212774378496
-1085.52687183872 381.417607407104

