-1085.52687183872 -130.582392592896
-998.03865762816 -101.470958546944
-1066.88931740160 105.556432339456
-945.08976447488 146.092019186688
-975.92437286400 238.761323062784
-588.98138508800 367.500826165248
-602.2043594752 407.282473502208
-618.96105979392 457.676413348352
-228.54134168064 587.575570736640
-199.13162277376 499.255752224256
2.06277211136 566.235001423872
163.58824380416 80.794345393664
133.60856909824 70.819920630784
161.08043830784 -11.759059437056
121.52550629376 -24.864996613632
147.4014992896 -102.688767445504
-84.45651725312 -179.816681387008
-24.09819878912 -361.212388890112
-910.66443457536 -656.212774378496
-1085.52687183872 -130.582392592896

