204.75919280640 122.353621930496
214.22045898240 129.583983898624
210.85771980288 133.946102872576
270.58908689408 180.017239136256
265.40248918528 186.829312105984
297.26301799424 211.38862425600
300.34077928448 207.444793480192
316.35653705216 219.814080432128
323.13901099008 210.970339183104
332.0873169408 217.842165215744
366.6836335616 173.025900651008
345.48127807488 156.653020718592
335.16507821568 170.038149021184
272.12796752896 121.397540971008
287.51677393408 101.439349063168
245.73901431808 69.231360977408
204.75919280640 122.353621930496

