379.82347856384 107.705322787328
393.9583822336 194.642362817024
442.00565556224 186.815044533760
439.32686333440 170.323898821632
548.24541535232 152.577989237248
550.98120317440 169.487391364608
616.35513260544 158.851795984896
598.00255607296 46.401223928320
610.37059677696 44.369703489024
609.28768077824 37.617885296128
632.71286386176 33.793846484992
622.56765074432 -28.46630428160
589.05425012224 -22.969245391360
568.99180621824 -146.234882680832
493.35867250176 -133.926237875712
528.69593165824 83.446589941248
379.82347856384 107.705322787328

