379.82347856384 619.705322787328
393.9583822336 706.642362817024
442.00565556224 698.815044533760
439.32686333440 682.323898821632
548.24541535232 664.577989237248
550.98120317440 681.487391364608
616.35513260544 670.851795984896
598.00255607296 558.401223928320
610.37059677696 556.369703489024
609.28768077824 549.617885296128
632.71286386176 545.793846484992
622.56765074432 483.53369571840
589.05425012224 489.030754608640
568.99180621824 365.765117319168
493.35867250176 378.073762124288
528.69593165824 595.446589941248
379.82347856384 619.705322787328

151.61317909504 217.643015539200
178.00213231616 355.487995347456
210.60360366592 349.273921126912
212.99741799424 361.642318507008
300.08666314752 345.031620252672
296.49594164224 326.090641093632
321.68798769664 321.31058274304
323.79682412544 332.244965915136
336.3358515712 329.854936899584
341.18047580672 355.428244636672
447.19225328128 335.172751386624
442.23363788288 309.240934466048
455.22862996992 306.731403465728
450.38400572416 281.397087291904
465.82980770816 278.409549620736
447.70521349632 183.465559629824
433.96927888384 186.094595083776
428.21272539136 156.03993602560
415.90168025600 158.370218035712
411.05705601024 133.155368985088
304.47532275200 153.470650669568
307.38209729024 168.587607813632
296.43894607360 170.678886304256
300.25764987904 190.516154560512
271.18990444544 196.072979057152
267.65617852928 177.430728012288
184.84160182784 193.264691445248
188.14734542848 210.652173159424
151.61317909504 217.643015539200

