-132.17652143616 619.705322787328
-118.0416177664 706.642362817024
-69.99434443776 698.815044533760
-72.67313666560 682.323898821632
36.24541535232 664.577989237248
38.98120317440 681.487391364608
104.35513260544 670.851795984896
86.00255607296 558.401223928320
98.37059677696 556.369703489024
97.28768077824 549.617885296128
120.71286386176 545.793846484992
110.56765074432 483.53369571840
77.05425012224 489.030754608640
56.99180621824 365.765117319168
-18.64132749824 378.073762124288
16.69593165824 595.446589941248
-132.17652143616 619.705322787328

