-132.17652143616 107.705322787328
-118.0416177664 194.642362817024
-69.99434443776 186.815044533760
-72.67313666560 170.323898821632
36.24541535232 152.577989237248
38.98120317440 169.487391364608
104.35513260544 158.851795984896
86.00255607296 46.401223928320
98.37059677696 44.369703489024
97.28768077824 37.617885296128
120.71286386176 33.793846484992
110.56765074432 -28.46630428160
77.05425012224 -22.969245391360
56.99180621824 -146.234882680832
-18.64132749824 -133.926237875712
16.69593165824 83.446589941248
-132.17652143616 107.705322787328

