358.20473146368 53.748289264128
392.00310998528 95.154860212224
402.83227005952 83.623161659904
435.49073698816 103.280823222784
429.50620115968 112.004282841088
437.25759994368 116.246512950272
420.38690847232 142.894884216320
453.38734887936 162.911033232896
470.600013824 134.470175622144
476.81253196288 137.397911310848
481.60016063488 129.15245142016
516.53845072384 148.332107148800
517.22239767552 167.511759502336
562.47688763392 175.040220248064
602.88675334656 105.133064707072
559.05715288064 75.019199250432
552.16068777984 84.57915743744
448.02976442880 20.826170377728
452.81739308032 10.549209269760
404.14316837888 -14.78469900800
382.19987035648 33.194372288512
358.20473146368 53.748289264128
