358.20473146368 565.748289264128
392.00310998528 607.154860212224
402.83227005952 595.623161659904
435.49073698816 615.280823222784
429.50620115968 624.004282841088
437.25759994368 628.246512950272
420.38690847232 654.894884216320
453.38734887936 674.911033232896
470.600013824 646.470175622144
476.81253196288 649.397911310848
481.60016063488 641.15245142016
516.53845072384 660.332107148800
517.22239767552 679.511759502336
562.47688763392 687.040220248064
602.88675334656 617.133064707072
559.05715288064 587.019199250432
552.16068777984 596.57915743744
448.02976442880 532.826170377728
452.81739308032 522.549209269760
404.14316837888 497.21530099200
382.19987035648 545.194372288512
358.20473146368 565.748289264128
