-153.79526853632 53.748289264128
-119.99689001472 95.154860212224
-109.16772994048 83.623161659904
-76.50926301184 103.280823222784
-82.49379884032 112.004282841088
-74.74240005632 116.246512950272
-91.61309152768 142.894884216320
-58.61265112064 162.911033232896
-41.399986176 134.470175622144
-35.18746803712 137.397911310848
-30.39983936512 129.15245142016
4.53845072384 148.332107148800
5.22239767552 167.511759502336
50.47688763392 175.040220248064
90.88675334656 105.133064707072
47.05715288064 75.019199250432
40.16068777984 84.57915743744
-63.97023557120 20.826170377728
-59.18260691968 10.549209269760
-107.85683162112 -14.78469900800
-129.80012964352 33.194372288512
-153.79526853632 53.748289264128

