280.34005889536 455.744745079808
288.6614134784 455.744745079808
288.5474223104 489.925494915584
334.77083711488 490.104764555264
335.11281058816 393.0600902656
288.94639136768 392.880820466688
288.83240021504 430.527471704064
280.45405004288 430.527471704064
280.34005889536 455.744745079808

109.92327682048 320.754580803584
154.66480656384 323.085089706496
154.43682425344 327.925377275392
182.30766252032 329.419293149184
186.01237517824 260.997925105664
158.48351037952 259.504008291328
157.17261206528 283.406674840064
111.97511769088 281.076165083648
109.92327682048 320.754580803584

114.48292317184 461.720401418752
155.06377562112 462.975289209344
156.26068278784 423.177412247040
115.67983033856 421.922523999744
114.48292317184 461.720401418752

