355.78079999488 1.688802854400
376.81216875008 41.007483424256
412.54839696384 21.885938417152
410.2685737984 17.643345163264
464.92733432320 -11.576773432832
488.40951299584 32.283278930944
572.364001280 -12.712115623424
501.91746528256 -144.352135187968
650.84691395584 -224.06523404800
604.5665035776 -310.530707965440
447.88565612544 -226.694452696576
479.689189376 -167.238273782272
455.29508143104 -154.151943291392
476.95340155392 -113.697863106048
422.92159238144 -84.776491518464
446.97372686336 -39.840822004736
398.29950214144 -13.727948120064
395.27873644544 -19.464414156288
355.78079999488 1.688802854400

472.33675963904 219.255973979648
579.48844869120 418.298780490752
542.38432657920 438.256820243968
648.68108194816 635.745608947712
704.3087673344 605.748847806976
690.45884155904 580.054404397568
728.24691062784 559.737863442432
619.10037629952 357.050282323968
654.32364430336 338.048302221824
551.67460599808 147.311261371904
497.30082337280 176.591092016128
509.49787734016 199.238139283968
472.33675963904 219.255973979648

464.35737853952 63.833823369216
512.4046518784 152.031887659520
659.22526411776 72.079986882048
611.17799077888 -16.177897117696
464.35737853952 63.833823369216
