355.78079999488 513.688802854400
376.81216875008 553.007483424256
412.54839696384 533.885938417152
410.2685737984 529.643345163264
464.92733432320 500.423226567168
488.40951299584 544.283278930944
572.364001280 499.287884376576
501.91746528256 367.647864812032
650.84691395584 287.93476595200
604.5665035776 201.469292034560
447.88565612544 285.305547303424
479.689189376 344.761726217728
455.29508143104 357.848056708608
476.95340155392 398.302136893952
422.92159238144 427.223508481536
446.97372686336 472.159177995264
398.29950214144 498.272051879936
395.27873644544 492.535585843712
355.78079999488 513.688802854400

186.16195603968 158.983467284992
323.92027117568 408.400715864064
356.17976904704 390.59375350272
366.49596890112 409.297039397376
426.62630505472 376.073308878336
400.86430321664 329.404706236928
412.20642349056 323.13043674624
392.82792653824 288.054275890688
385.13352331776 292.356633538048
315.48492545024 166.213826816512
324.83220043776 161.015138608640
307.27756201984 129.285208621568
298.04427817984 134.364388243968
272.62424981504 88.352987705856
213.06386946560 121.278030850048
222.75311794176 138.726507021824
186.16195603968 158.983467284992

254.10068655104 5.233642049536
287.78507390976 67.139932850176
308.13249571328 56.025485553152
326.77005014016 90.265150192128
521.69493129728 -15.91967389184
488.97946878976 -76.033356914176
469.08801161728 -65.217671931392
449.48153234432 -101.250040997888
254.10068655104 5.233642049536
