229.5268806144 -3.352278372864
267.42894083584 63.811832919552
283.50169419264 54.729144140288
299.34646523392 82.694262432256
489.31273098752 -24.684660482048
450.84071496704 -92.804900280832
431.00625338368 -81.630787843072
415.78843371008 -108.580119793152
229.5268806144 -3.352278372864

-39.66324036096 -292.744026020352
67.48844869120 -93.701219509248
30.38432657920 -73.743179756032
136.68108194816 123.745608947712
192.3087673344 93.748847806976
178.45884155904 68.054404397568
216.24691062784 47.737863442432
107.10037629952 -154.949717676032
142.32364430336 -173.951697778176
39.67460599808 -364.688738628096
-14.69917662720 -335.408907983872
-2.50212265984 -312.761860716032
-39.66324036096 -292.744026020352

