-156.21920000512 1.688802854400
-135.18783124992 41.007483424256
-99.45160303616 21.885938417152
-101.7314262016 17.643345163264
-47.07266567680 -11.576773432832
-23.59048700416 32.283278930944
60.364001280 -12.712115623424
-10.08253471744 -144.352135187968
138.84691395584 -224.06523404800
92.5665035776 -310.530707965440
-64.11434387456 -226.694452696576
-32.310810624 -167.238273782272
-56.70491856896 -154.151943291392
-35.04659844608 -113.697863106048
-89.07840761856 -84.776491518464
-65.02627313664 -39.840822004736
-113.70049785856 -13.727948120064
-116.72126355456 -19.464414156288
-156.21920000512 1.688802854400

229.5268806144 508.647721627136
267.42894083584 575.811832919552
283.50169419264 566.729144140288
299.34646523392 594.694262432256
489.31273098752 487.315339517952
450.84071496704 419.195099719168
431.00625338368 430.369212156928
415.78843371008 403.419880206848
229.5268806144 508.647721627136

-39.66324036096 219.255973979648
67.48844869120 418.298780490752
30.38432657920 438.256820243968
136.68108194816 635.745608947712
192.3087673344 605.748847806976
178.45884155904 580.054404397568
216.24691062784 559.737863442432
107.10037629952 357.050282323968
142.32364430336 338.048302221824
39.67460599808 147.311261371904
-14.69917662720 176.591092016128
-2.50212265984 199.238139283968
-39.66324036096 219.255973979648

-47.64262146048 63.833823369216
0.4046518784 152.031887659520
147.22526411776 72.079986882048
99.17799077888 -16.177897117696
-47.64262146048 63.833823369216

