-156.21920000512 513.688802854400
-135.18783124992 553.007483424256
-99.45160303616 533.885938417152
-101.7314262016 529.643345163264
-47.07266567680 500.423226567168
-23.59048700416 544.283278930944
60.364001280 499.287884376576
-10.08253471744 367.647864812032
138.84691395584 287.93476595200
92.5665035776 201.469292034560
-64.11434387456 285.305547303424
-32.310810624 344.761726217728
-56.70491856896 357.848056708608
-35.04659844608 398.302136893952
-89.07840761856 427.223508481536
-65.02627313664 472.159177995264
-113.70049785856 498.272051879936
-116.72126355456 492.535585843712
-156.21920000512 513.688802854400

-47.64262146048 575.833823369216
0.4046518784 664.031887659520
147.22526411776 584.079986882048
99.17799077888 495.822102882304
-47.64262146048 575.833823369216

