167.75387316224 387.812739459584
170.03369633280 470.65722514432
174.59334267904 470.54119648256
179.15298902016 471.701483118080
184.85254694912 475.182342983168
188.84223750144 479.823489360384
190.55210488320 484.464635614720
191.12206067712 490.846211512832
195.1117512192 485.044778887680
199.10144177152 481.563919220736
203.66108812288 479.243346067968
208.79069024768 477.502916186624
212.78038080000 477.502916186624
217.34002714112 477.502916186624
221.32971768832 479.243346067968
226.45931982848 482.144062501888
229.87905458176 485.044778887680
232.72883354624 489.685925003776
232.72883354624 485.044778887680
233.29878934528 481.563919220736
236.14856831488 476.342629589504
238.99834727936 472.861769746944
244.12794940928 469.961053160960
247.54768415744 468.800766513664
252.6772862976 468.800766513664
250.39746312704 385.840251227136
245.267860992 387.000538424832
238.4283914752 384.099820415488
234.43870093312 381.199102356992
230.4490103808 377.138096994816
229.30909879296 371.916804247552
228.73914299904 365.535224012288
225.88936403968 370.176373298688
220.75976190464 374.817522460672
213.35033659904 377.718240622592
206.51086708736 378.298384251904
196.82161860096 374.817522460672
191.12206067712 371.336660601344
187.70232592384 367.275655010304
187.13237011456 373.077091538432
185.42250274304 379.458671498752
181.43281219584 384.099820415488
175.73325426688 387.580682020864
167.75387316224 387.812739459584
