254.59373012480 449.388673090048
268.84262494720 525.851778928128
304.17988409344 518.890040780288
310.67738014208 554.278873490432
381.92185424384 541.167601878528
375.76633168896 506.532954886656
410.76161736704 500.325404366848
397.08267834368 424.326403513344
361.17546338816 430.708000275968
354.33599386624 394.738997309952
281.95160817664 406.922047529984
289.36103349248 442.891047989760
254.59373012480 449.388673090048

258.52642509824 271.109996876288
286.4542589440 290.254803222016
267.07576198144 318.739950604800
328.06103182336 360.452408570368
347.43952877568 332.605428001280
375.36736263168 351.750227617792
423.8136050176 279.232036187648
395.88577117696 260.899432635904
415.15027697664 233.516552868352
354.62097177088 191.049874923008
333.76058974720 220.637315563008
306.51670284800 201.782574556672
258.52642509824 271.109996876288

59.44086664704 321.176561774592
71.7519117824 393.404663186432
106.51921513472 387.719239418368
111.9337951744 420.845532456448
186.59800402944 408.082337982976
182.03835769344 370.953039676928
214.52583788544 365.151586103808
205.40654519808 301.915729698304
168.9293744640 308.297330921472
160.38003756032 264.786408867328
86.28578448896 279.290050754048
93.23924516864 314.562902806528
59.44086664704 321.176561774592
