57.56001252864 107.274902636544
72.43585872384 191.860943822336
186.76899078144 171.671686677504
188.87782721024 183.564783840768
272.54733759488 168.770931150336
269.29858956800 150.380139981824
360.89048549376 134.251936672256
347.15455088128 56.279594668544
57.56001252864 107.274902636544

458.46691723264 55.989518926848
464.90741768704 86.621514622464
476.87648933888 84.126863659008
485.08385275904 123.287078177280
749.48634505728 67.650563375104
741.506963968 29.708654709248
756.43980574208 26.575836195328
751.3671991808 2.673589383680
741.56395954688 4.76213535232
735.40843698176 -24.361480117248
647.97721836032 -5.970670580224
641.99268253184 -34.456120873472
538.26072823296 -12.642415143936
543.67530827264 13.174334137856
462.39961219584 30.288806279168
467.41522318336 54.133034167808
458.46691723264 55.989518926848

