254.59373012480 -62.611326909952
268.84262494720 13.851778928128
304.17988409344 6.890040780288
310.67738014208 42.278873490432
381.92185424384 29.167601878528
375.76633168896 -5.467045113344
410.76161736704 -11.674595633152
397.08267834368 -87.673596486656
361.17546338816 -81.291999724032
354.33599386624 -117.261002690048
281.95160817664 -105.077952470016
289.36103349248 -69.108952010240
254.59373012480 -62.611326909952

-33.91789222912 72.794484148736
-25.31155974656 140.671393714688
-16.64823170048 139.046989348352
-2.51332804096 214.465747579904
7.46089833984 230.593754738176
19.14499209216 239.702017115648
34.41980734464 247.359918877184
54.42525566976 252.117100103168
174.74292353024 230.999855619072
155.07944868864 117.639658974720
52.37341481984 55.854259877888
-33.91789222912 72.794484148736
