-53.53308276736 55.989518926848
-47.09258231296 86.621514622464
-35.12351066112 84.126863659008
-26.91614724096 123.287078177280
237.48634505728 67.650563375104
229.506963968 29.708654709248
244.43980574208 26.575836195328
239.3671991808 2.673589383680
229.56395954688 4.76213535232
223.40843698176 -24.361480117248
135.97721836032 -5.970670580224
129.99268253184 -34.456120873472
26.26072823296 -12.642415143936
31.67530827264 13.174334137856
-49.60038780416 30.288806279168
-44.58477681664 54.133034167808
-53.53308276736 55.989518926848

