192.17485953024 278.419832273408
201.52213453824 334.229835321344
265.18619659264 323.207071055872
271.62669705216 355.231100049408
407.67514481664 327.848235042816
391.60239145984 241.348521035264
192.17485953024 278.419832273408

504.96659865088 485.357664825344
517.27764377088 551.842265567232
580.65672795136 540.065326786048
584.01946712064 558.165843206144
630.35687308800 549.579701035520
626.93713833984 531.015067875840
690.25922691072 519.296142181888
684.55966898688 488.722505609728
729.13021198848 480.484447023104
721.15083088384 437.263640342528
728.50326061056 435.929306541568
730.21312799744 433.608725996544
724.51357006848 402.861030883328
722.80370268672 402.280885641728
714.76732601344 403.78926326784
706.73094933504 360.626452184064
649.90635678208 371.185097815552
665.58014108160 455.538210911232
633.14965646336 461.571719506432
634.91651943424 471.260141524480
618.04582796800 474.392924579328
600.83316301312 381.743742808576
551.53198692864 390.852023966208
568.8016474624 483.791273402368
551.36100020224 487.040085221888
549.53714165248 477.119606079488
504.96659865088 485.357664825344

306.96395620864 490.578969461248
317.22316049408 543.952296816128
353.13037543936 536.410414592512
354.84024281088 546.272875898368
374.78869557248 542.211862486528
373.07882819072 532.349400950272
408.9860431360 525.967807897088
398.15688307712 472.594475055104
306.96395620864 490.578969461248

421.468075008 444.051338205696
440.84657196032 549.057570755072
447.62904588288 547.839266759168
451.1057762304 567.622201998848
493.8524606976 560.080320794112
470.48427319296 435.349161410048
421.468075008 444.051338205696

214.97309124608 429.083593848320
250.31035040768 612.989511315968
277.66822846976 607.768210334208
278.80814004224 607.188065768960
292.48707907584 604.867487495680
266.26911260160 463.312154638848
285.64760956416 459.831284355584
278.01020193792 417.654733924352
214.97309124608 429.083593848320

