306.96395620864 -21.421030538752
317.22316049408 31.952296816128
353.13037543936 24.410414592512
354.84024281088 34.272875898368
374.78869557248 30.211862486528
373.07882819072 20.349400950272
408.9860431360 13.967807897088
398.15688307712 -39.405524944896
306.96395620864 -21.421030538752

421.468075008 -67.948661794304
440.84657196032 37.057570755072
447.62904588288 35.839266759168
451.1057762304 55.622201998848
493.8524606976 48.080320794112
470.48427319296 -76.650838589952
421.468075008 -67.948661794304

214.97309124608 -82.916406151680
250.31035040768 100.989511315968
277.66822846976 95.768210334208
278.80814004224 95.188065768960
292.48707907584 92.867487495680
266.26911260160 -48.687845361152
285.64760956416 -52.168715644416
278.01020193792 -94.345266075648
214.97309124608 -82.916406151680
