325.544515072 227.570866185728
352.90239311872 371.449076208128
459.48412638208 350.563536932864
476.58280017408 347.082613476864
582.59457764352 325.616917308928
554.66674379264 181.158515129856
503.94067823104 190.789078986240
521.83729011200 284.658041097728
390.00651523584 308.50237388288
374.3327309312 219.042597603328
325.544515072 227.570866185728

482.85231389696 355.784921985024
489.69178340864 387.693382806016
574.61519653888 370.288768532992
571.1954617856 354.624614208512
598.5533398528 348.823075214848
595.13360509440 333.158918966784
482.85231389696 355.784921985024

350.05261415424 391.754459220480
354.04230470656 413.220147272704
485.13213706752 388.273536586240
476.58280017408 347.082613476864
459.48412638208 350.563536932864
463.4738169344 370.288768532992
350.05261415424 391.754459220480

326.17146643456 162.187463089664
336.43067070464 214.401362825216
432.75319968768 194.676113646592
422.49399542784 142.462208022528
326.17146643456 162.187463089664
