-53.53308276736 567.989518926848
-47.09258231296 598.621514622464
-35.12351066112 596.126863659008
-26.91614724096 635.287078177280
237.48634505728 579.650563375104
229.506963968 541.708654709248
244.43980574208 538.575836195328
239.3671991808 514.673589383680
229.56395954688 516.76213535232
223.40843698176 487.638519882752
135.97721836032 506.029329419776
129.99268253184 477.543879126528
26.26072823296 499.357584856064
31.67530827264 525.174334137856
-49.60038780416 542.288806279168
-44.58477681664 566.133034167808
-53.53308276736 567.989518926848

