-7.03340134912 -26.642335174656
5.27764377088 39.842265567232
68.65672795136 28.065326786048
72.01946712064 46.165843206144
118.35687308800 37.579701035520
114.93713833984 19.015067875840
178.25922691072 7.296142181888
172.55966898688 -23.277494390272
217.13021198848 -31.515552976896
209.15083088384 -74.736359657472
216.50326061056 -76.070693458432
218.21312799744 -78.391274003456
212.51357006848 -109.138969116672
210.80370268672 -109.719114358272
202.76732601344 -108.21073673216
194.73094933504 -151.373547815936
137.90635678208 -140.814902184448
153.58014108160 -56.461789088768
121.14965646336 -50.428280493568
122.91651943424 -40.739858475520
106.04582796800 -37.607075420672
88.83316301312 -130.256257191424
39.53198692864 -121.147976033792
56.8016474624 -28.208726597632
39.36100020224 -24.959914778112
37.53714165248 -34.880393920512
-7.03340134912 -26.642335174656

