-186.455484928 227.570866185728
-159.09760688128 371.449076208128
-52.51587361792 350.563536932864
-35.41719982592 347.082613476864
70.59457764352 325.616917308928
42.66674379264 181.158515129856
-8.05932176896 190.789078986240
9.83729011200 284.658041097728
-121.99348476416 308.50237388288
-137.6672690688 219.042597603328
-186.455484928 227.570866185728

353.2926509056 136.892723836416
358.93521325056 162.999679427584
375.52092682752 249.616728624640
437.53211708928 236.679288636928
418.26761127936 144.608780005888
438.21606403072 140.547697852928
415.7598057984 27.823622782976
359.56216462848 39.020613416448
379.51061737984 131.265224010240
353.2926509056 136.892723836416

117.50193939968 456.789684384256
127.87513483264 504.768376478208
260.27586550784 475.586658428416
250.58661702656 429.174373173248
124.62638680064 455.223269788672
117.50193939968 456.789684384256

300.28676215808 51.203866661376
316.24552436736 126.043832256000
325.07983915008 169.903518144512
352.7226951168 164.334034830848
358.93521325056 162.999679427584
353.2926509056 136.892723836416
333.91415394304 44.242007768576
300.28676215808 51.203866661376

285.8098850304 446.636996946944
298.51989920256 504.014177066496
604.98512903168 436.136216745984
601.62238985728 420.994206622208
626.35847125504 415.540762041344
621.57084260864 393.959043518976
597.06274351616 399.354473399808
592.38910600192 378.236875934208
388.91488794624 423.314821285376
385.60914436096 408.462886906368
364.29279770624 413.220147272704
367.71253245952 428.478188801536
285.8098850304 446.636996946944

-29.14768610304 355.784921985024
-22.30821659136 387.693382806016
62.61519653888 370.288768532992
59.1954617856 354.624614208512
86.5533398528 348.823075214848
83.13360509440 333.158918966784
-29.14768610304 355.784921985024

148.10856547328 524.899698019328
221.06290695680 852.686019668992
304.84640851968 833.540994760192
231.8920670208 506.334790629888
148.10856547328 524.899698019328

123.03051058688 256.578579342848
133.85967064576 311.693221088768
186.86555939328 301.830602262528
193.13507310592 309.372604946432
205.67410055680 317.494761317888
213.65348165120 318.655069337088
251.84051976704 312.273375121920
253.89236062720 323.528362948096
267.79928196608 320.975685361152
265.74744111616 309.314589540352
305.41636430336 302.410756327424
320.80517071360 293.708445165568
327.64464022528 283.845825324544
329.92446339584 272.822896609792
362.69692148736 265.28089235456
360.87306294272 256.694610185216
369.08042636800 254.954147533824
360.07512483328 208.71585005568
255.26025452544 229.311329110528
254.46231641600 225.308264357376
229.04228805120 230.471637716992
229.89722174464 234.474702353920
123.03051058688 256.578579342848

110.49148314624 382.297952566784
124.62638680064 455.223269788672
250.58661702656 429.174373173248
253.26540925952 428.594219529728
252.29648441344 424.127036408832
246.59692647424 396.859812295168
245.91297953280 393.378889759232
375.52092682752 366.923876241920
368.90943962624 332.230672625664
110.49148314624 382.297952566784
