-7.03340134912 485.357664825344
5.27764377088 551.842265567232
68.65672795136 540.065326786048
72.01946712064 558.165843206144
118.35687308800 549.579701035520
114.93713833984 531.015067875840
178.25922691072 519.296142181888
172.55966898688 488.722505609728
217.13021198848 480.484447023104
209.15083088384 437.263640342528
216.50326061056 435.929306541568
218.21312799744 433.608725996544
212.51357006848 402.861030883328
210.80370268672 402.280885641728
202.76732601344 403.78926326784
194.73094933504 360.626452184064
137.90635678208 371.185097815552
153.58014108160 455.538210911232
121.14965646336 461.571719506432
122.91651943424 471.260141524480
106.04582796800 474.392924579328
88.83316301312 381.743742808576
39.53198692864 390.852023966208
56.8016474624 483.791273402368
39.36100020224 487.040085221888
37.53714165248 477.119606079488
-7.03340134912 485.357664825344
