510.03049394176 158.228045616640
564.00530752000 198.548663574016
602.36333237248 147.205141246976
614.50339076608 156.197510652928
668.87717341184 82.634113809408
679.30736442368 90.350149788160
683.24005938176 93.366945717760
746.56214797824 10.869161370112
742.57245742592 -1.314059024384
686.2038295040 -44.999613414912
561.38351087104 116.108944125952
548.2745276416 105.956266630144
510.03049394176 158.228045616640

429.26775809024 503.01254060544
502.73505978368 556.850610072064
654.22930953728 350.026470454272
601.73638101504 311.562374887936
590.33726515712 327.110456770048
569.41988754944 311.794435820032
511.45538340864 390.811165865984
429.26775809024 503.01254060544

148.10856547328 12.899698019328
221.06290695680 340.686019668992
304.84640851968 321.540994760192
231.8920670208 -5.665209370112
148.10856547328 12.899698019328
