442.59601236992 92.619248017408
449.43548188160 129.458640088576
460.83459774464 127.138048690688
461.97450932224 131.779231453696
465.39424408576 140.481448806912
472.23371360768 149.18366572544
479.64313891328 156.145438948352
488.7624315904 161.946916423168
492.18216635392 163.687359628288
500.73150324736 166.007950541312
506.43106117120 166.588098264064
511.56066331648 166.588098264064
522.38982336512 166.007950541312
524.66964653568 177.030756956672
545.92899761664 172.96972309504
544.67509487616 167.168245987328
667.15859475968 141.06159661568
659.17921366528 102.771837157888
597.68098360832 115.128987715584
596.4840764416 109.153464315392
511.56066331648 125.977752981504
504.72119378944 124.817457261568
500.16154744832 119.596126436352
492.18216635392 82.46665828864
442.59601236992 92.619248017408

432.90676389376 45.337182263808
442.59601236992 92.619248017408
492.18216635392 82.46665828864
586.79482796544 63.321773196800
596.4840764416 109.153464315392
597.68098360832 115.128987715584
659.17921366528 102.771837157888
640.94062828544 13.196973217280
631.25137980928 15.169477190144
587.93473954816 24.451848536064
580.01235403776 26.076263471104
577.67553527808 14.589328965632
432.90676389376 45.337182263808

492.18216635392 82.46665828864
500.16154744832 119.596126436352
504.72119378944 124.817457261568
511.56066331648 125.977752981504
596.4840764416 109.153464315392
586.79482796544 63.321773196800
492.18216635392 82.46665828864
