-1.96950605824 158.228045616640
52.00530752000 198.548663574016
90.36333237248 147.205141246976
102.50339076608 156.197510652928
156.87717341184 82.634113809408
167.30736442368 90.350149788160
171.24005938176 93.366945717760
234.56214797824 10.869161370112
230.57245742592 -1.314059024384
174.2038295040 -44.999613414912
49.38351087104 116.108944125952
36.2745276416 105.956266630144
-1.96950605824 158.228045616640

-82.73224190976 503.01254060544
-9.26494021632 556.850610072064
142.22930953728 350.026470454272
89.73638101504 311.562374887936
78.33726515712 327.110456770048
57.41988754944 311.794435820032
-0.54461659136 390.811165865984
-82.73224190976 503.01254060544

120.22901592064 245.599041989632
174.94477203968 285.049411180544
208.57216381952 236.316600887808
219.4013238784 243.858584321024
230.80043974656 227.034159292928
221.11119127040 220.072327773184
278.10677054976 144.652468556288
289.67687313920 152.890639375872
325.41310135808 102.881455615488
326.5530129408 95.339466104832
325.9830571520 89.537935491072
320.85345501184 82.576098500096
331.68261507584 68.652423686144
288.9359306240 35.583691563008
282.09646110208 34.423385061888
273.54712421376 36.163844812288
267.84756627968 40.805070734848
120.22901592064 245.599041989632
