-1.96950605824 670.228045616640
52.00530752000 710.548663574016
90.36333237248 659.205141246976
102.50339076608 668.197510652928
156.87717341184 594.634113809408
167.30736442368 602.350149788160
171.24005938176 605.366945717760
234.56214797824 522.869161370112
230.57245742592 510.685940975616
174.2038295040 467.000386585088
49.38351087104 628.108944125952
36.2745276416 617.956266630144
-1.96950605824 670.228045616640

-226.1901149696 446.636996946944
-213.48010079744 504.014177066496
92.98512903168 436.136216745984
89.62238985728 420.994206622208
114.35847125504 415.540762041344
109.57084260864 393.959043518976
85.06274351616 399.354473399808
80.38910600192 378.236875934208
-123.08511205376 423.314821285376
-126.39085563904 408.462886906368
-147.70720229376 413.220147272704
-144.28746754048 428.478188801536
-226.1901149696 446.636996946944
