111.50869229056 447.765377722368
126.32754290176 466.91033278976
138.29661455872 459.368381045248
146.27599565312 470.391233486336
157.67511152128 461.688981617152
165.08453682688 470.971383596032
265.39675636224 394.971702891008
276.22591644160 409.475461298688
358.8695064064 346.819216352256
347.47039054848 332.315452750336
362.28924115968 320.712440998912
349.18025793024 304.468223262208
373.11840121856 285.903401140736
375.96818018304 272.559934024192
365.13902012416 259.216465892352
352.03003688448 258.636315079168
327.52193779712 276.620989342208
315.55286614016 263.857672312832
303.01383869952 272.559934024192
289.90485545984 255.15541017088
207.26126549504 317.811687944704
218.09042556416 332.895603315200
118.34816180736 409.475461298688
125.70059154432 418.757866050048
114.81443590144 427.518135081984
123.42076836864 437.960839314944
111.50869229056 447.765377722368

-82.73224190976 -8.98745939456
-9.26494021632 44.850610072064
142.22930953728 -161.973529545728
89.73638101504 -200.437625112064
78.33726515712 -184.889543229952
57.41988754944 -200.205564179968
-0.54461659136 -121.188834134016
-82.73224190976 -8.98745939456
