181.0345877504 574.657812743680
379.94915946496 785.84642577920
655.8077632000 796.870000216576
863.84162760704 605.407818989056
872.96092029440 314.152825633792
708.98463867904 127.157580829184
666.06696748544 185.93085186048
798.2967114240 339.681171166208
785.75768397824 568.275735296512
632.43957570048 709.261573641728
411.29672807424 707.521008429568
259.11853136896 557.252146431488
263.67817771520 324.016050487808
350.82441844736 218.885648678912
417.22426831872 174.907238858240
492.74341087232 168.351089745408
644.69362525184 177.111961514496
661.22234323968 115.08962144768
415.11543187968 96.407490375168
367.80910107136 114.335373958656
193.57361519616 290.945235550720
181.0345877504 574.657812743680

