181.0345877504 62.657812743680
379.94915946496 273.84642577920
655.8077632000 284.870000216576
863.84162760704 93.407818989056
872.96092029440 -197.847174366208
708.98463867904 -384.842419170816
666.06696748544 -326.06914813952
798.2967114240 -172.318828833792
785.75768397824 56.275735296512
632.43957570048 197.261573641728
411.29672807424 195.521008429568
259.11853136896 45.252146431488
263.67817771520 -187.983949512192
350.82441844736 -293.114351321088
417.22426831872 -337.092761141760
492.74341087232 -343.648910254592
644.69362525184 -334.888038485504
661.22234323968 -396.91037855232
415.11543187968 -415.592509624832
367.80910107136 -397.664626041344
193.57361519616 -221.054764449280
181.0345877504 62.657812743680

