-69.40398763008 92.619248017408
-62.56451811840 129.458640088576
-51.16540225536 127.138048690688
-50.02549067776 131.779231453696
-46.60575591424 140.481448806912
-39.76628639232 149.18366572544
-32.35686108672 156.145438948352
-23.2375684096 161.946916423168
-19.81783364608 163.687359628288
-11.26849675264 166.007950541312
-5.56893882880 166.588098264064
-0.43933668352 166.588098264064
10.38982336512 166.007950541312
12.66964653568 177.030756956672
33.92899761664 172.96972309504
32.67509487616 167.168245987328
155.15859475968 141.06159661568
147.17921366528 102.771837157888
85.68098360832 115.128987715584
84.4840764416 109.153464315392
-0.43933668352 125.977752981504
-7.27880621056 124.817457261568
-11.83845255168 119.596126436352
-19.81783364608 82.46665828864
-69.40398763008 92.619248017408

198.76021291520 78.695696240128
211.58421825024 146.863074589184
266.29997435904 137.000561918464
285.67847132672 132.939527126528
321.87066416640 127.080033906176
320.04680563712 116.347298286592
328.4251557888 114.954943349248
332.41484634112 110.893908044288
334.69466950144 105.672576804864
332.98480214016 97.550505673216
309.61661462528 -16.738678065152
271.99953229824 -8.616601629696
291.37802925056 84.207102282752
277.12913443328 87.107842235904
271.42957650944 58.680588616704
250.91116795392 62.741625130496
249.20130059264 63.901921261056
248.06138899456 66.222513496064
253.19099112960 92.329174032896
248.06138899456 93.315425577472
243.50174265344 70.283549837312
198.76021291520 78.695696240128

-79.09323610624 45.337182263808
-69.40398763008 92.619248017408
-19.81783364608 82.46665828864
74.79482796544 63.321773196800
84.4840764416 109.153464315392
85.68098360832 115.128987715584
147.17921366528 102.771837157888
128.94062828544 13.196973217280
119.25137980928 15.169477190144
75.93473954816 24.451848536064
68.01235403776 26.076263471104
65.67553527808 14.589328965632
-79.09323610624 45.337182263808

-19.81783364608 82.46665828864
-11.83845255168 119.596126436352
-7.27880621056 124.817457261568
-0.43933668352 125.977752981504
84.4840764416 109.153464315392
74.79482796544 63.321773196800
-19.81783364608 82.46665828864
