134.0702304256 362.407303870464
144.32943468544 415.200834043392
173.85314476544 409.399347991552
172.82722433536 404.178010376192
170.94637021696 393.735334685184
228.6828920320 383.292658370048
251.48112374784 397.796375305728
269.14975333888 485.978948405248
306.19687986176 478.437019549184
289.15520164864 391.646799472128
299.35741035008 389.674293970432
309.61661462528 387.933847920128
305.05696828416 363.567601408512
298.78745455616 364.727898936832
295.36771980288 356.605816065536
287.38833870848 345.002839882752
280.54886918656 339.781500348928
270.28966491648 332.239565190656
260.03046064128 328.178523047424
251.48112374784 325.85792749568
241.79187527168 327.772418828800
240.19599905792 319.708349133312
216.14386458624 324.697629708800
218.42368777216 335.140309520384
220.47552861696 345.582988708352
134.0702304256 362.407303870464

198.76021291520 590.695696240128
211.58421825024 658.863074589184
266.29997435904 649.000561918464
285.67847132672 644.939527126528
321.87066416640 639.080033906176
320.04680563712 628.347298286592
328.4251557888 626.954943349248
332.41484634112 622.893908044288
334.69466950144 617.672576804864
332.98480214016 609.550505673216
309.61661462528 495.261321934848
271.99953229824 503.383398370304
291.37802925056 596.207102282752
277.12913443328 599.107842235904
271.42957650944 570.680588616704
250.91116795392 574.741625130496
249.20130059264 575.901921261056
248.06138899456 578.222513496064
253.19099112960 604.329174032896
248.06138899456 605.315425577472
243.50174265344 582.283549837312
198.76021291520 590.695696240128

-59.82873030656 437.536553552896
-48.88557908480 492.940728596992
51.99659624960 473.215683996160
41.1674361856 418.101576997376
27.88746620928 420.712245615104
25.20867399168 407.078753515008
-48.88557908480 421.582468480512
-46.37777360384 435.041914891776
-59.82873030656 437.536553552896
