-330.9654122496 62.657812743680
-132.05084053504 273.84642577920
143.8077632000 284.870000216576
351.84162760704 93.407818989056
360.96092029440 -197.847174366208
196.98463867904 -384.842419170816
154.06696748544 -326.06914813952
286.2967114240 -172.318828833792
273.75768397824 56.275735296512
120.43957570048 197.261573641728
-100.70327192576 195.521008429568
-252.88146863104 45.252146431488
-248.32182228480 -187.983949512192
-161.17558155264 -293.114351321088
-94.77573168128 -337.092761141760
-19.25658912768 -343.648910254592
132.69362525184 -334.888038485504
149.22234323968 -396.91037855232
-96.88456812032 -415.592509624832
-144.19089892864 -397.664626041344
-318.42638480384 -221.054764449280
-330.9654122496 62.657812743680
