-330.9654122496 574.657812743680
-132.05084053504 785.84642577920
143.8077632000 796.870000216576
351.84162760704 605.407818989056
360.96092029440 314.152825633792
196.98463867904 127.157580829184
154.06696748544 185.93085186048
286.2967114240 339.681171166208
273.75768397824 568.275735296512
120.43957570048 709.261573641728
-100.70327192576 707.521008429568
-252.88146863104 557.252146431488
-248.32182228480 324.016050487808
-161.17558155264 218.885648678912
-94.77573168128 174.907238858240
-19.25658912768 168.351089745408
132.69362525184 177.111961514496
149.22234323968 115.08962144768
-96.88456812032 96.407490375168
-144.19089892864 114.335373958656
-318.42638480384 290.945235550720
-330.9654122496 574.657812743680

