-231.59996705280 -226.966507392512
135.96452376064 116.131283293184
229.43727378432 268.361132589568
268.82121908224 244.227140924416
266.99736053248 209.824594165248
209.94478566912 113.172546344448
224.87762744832 104.354349647360
203.44728963584 67.979283581440
187.7165097472 77.261597809152
-60.15726456832 -153.171998508544
-47.96021060096 -166.225270219264
-65.68583575552 -182.701401239040
-77.36992951296 -170.170259196416
-188.16933564416 -273.494193295872
-231.59996705280 -226.966507392512
