421.38967354368 592.773211037696
459.00675588608 649.647265557504
693.82854253568 490.632005051904
681.85947088896 472.641218217984
698.3881888768 459.873561913344
710.92721631744 479.025046017536
816.93899379712 407.061882660864
920.1009923072 337.420083223040
946.31895876608 319.429280486912
910.98169961472 267.197907124224
904.14223010816 271.840696504832
899.5825837568 267.197907124224
880.77404259328 279.965577622016
860.25563405824 249.787445838848
652.22176965632 391.972828490240
666.47066447872 413.44571287552
649.94194648064 424.472328148480
635.69305166848 402.999445129216
427.65918727680 546.345397598208
447.03768422912 575.362782455296
421.38967354368 592.773211037696
