421.38967354368 80.773211037696
459.00675588608 137.647265557504
693.82854253568 -21.367994948096
681.85947088896 -39.358781782016
698.3881888768 -52.126438086656
710.92721631744 -32.974953982464
816.93899379712 -104.938117339136
920.1009923072 -174.579916776960
946.31895876608 -192.570719513088
910.98169961472 -244.802092875776
904.14223010816 -240.159303495168
899.5825837568 -244.802092875776
880.77404259328 -232.034422377984
860.25563405824 -262.212554161152
652.22176965632 -120.027171509760
666.47066447872 -98.55428712448
649.94194648064 -87.527671851520
635.69305166848 -109.000554870784
427.65918727680 34.345397598208
447.03768422912 63.362782455296
421.38967354368 80.773211037696
