-90.61032645632 80.773211037696
-52.99324411392 137.647265557504
181.82854253568 -21.367994948096
169.85947088896 -39.358781782016
186.3881888768 -52.126438086656
198.92721631744 -32.974953982464
304.93899379712 -104.938117339136
408.1009923072 -174.579916776960
434.31895876608 -192.570719513088
398.98169961472 -244.802092875776
392.14223010816 -240.159303495168
387.5825837568 -244.802092875776
368.77404259328 -232.034422377984
348.25563405824 -262.212554161152
140.22176965632 -120.027171509760
154.47066447872 -98.55428712448
137.94194648064 -87.527671851520
123.69305166848 -109.000554870784
-84.34081272320 34.345397598208
-64.96231577088 63.362782455296
-90.61032645632 80.773211037696
