-90.61032645632 592.773211037696
-52.99324411392 649.647265557504
181.82854253568 490.632005051904
169.85947088896 472.641218217984
186.3881888768 459.873561913344
198.92721631744 479.025046017536
304.93899379712 407.061882660864
408.1009923072 337.420083223040
434.31895876608 319.429280486912
398.98169961472 267.197907124224
392.14223010816 271.840696504832
387.5825837568 267.197907124224
368.77404259328 279.965577622016
348.25563405824 249.787445838848
140.22176965632 391.972828490240
154.47066447872 413.44571287552
137.94194648064 424.472328148480
123.69305166848 402.999445129216
-84.34081272320 546.345397598208
-64.96231577088 575.362782455296
-90.61032645632 592.773211037696

