66.39979987968 193.891472427008
73.23926939648 228.120379682304
77.2289599488 229.280681505792
78.93882733056 228.700530596352
84.6383852544 228.120379682304
89.76798738944 226.960077851136
94.89758951424 225.799776013312
100.59714745344 224.63947416576
106.86666117632 255.851591157248
111.99626331136 254.80731967488
117.69582123520 253.647018020864
122.88241895424 252.660761609728
125.90318466048 268.266818300928
328.00950879744 227.540228769280
352.51760789504 202.013586620928
362.20685638144 174.166336392704
392.41451339264 166.624372027392
384.43513229824 129.494696564224
354.79743106560 136.456511314432
331.99919934976 110.349704573952
303.50140972032 97.586375415808
100.02719166464 136.456511314432
103.44692641792 153.280895815168
97.74736848384 154.441198133760
92.61776635904 155.021349292544
86.91820842496 156.181651599872
93.18772214784 186.929659963392
87.48816420864 188.08996206080
82.35856208384 189.250264150528
77.2289599488 189.830415190528
71.52940201984 190.990717269504
69.8195346432 191.570868304384
66.39979987968 193.891472427008

