102.75426819584 196.863910194688
323.15617329152 201.505050376192
325.54998763008 86.346723276288
105.14808251904 81.763594331648
102.75426819584 196.863910194688

111.93055645696 388.310840504832
332.10447924224 393.009989796352
334.49829358080 282.202855601664
114.26737521152 277.445689107968
111.93055645696 388.310840504832

396.73746615296 320.550253959168
508.61978829312 321.768552408576
511.07059820544 102.474695058432
399.18827606016 101.256395084288
396.73746615296 320.550253959168

321.21832358912 589.561948456448
387.90315135488 592.926767551488
395.99652361728 432.865732428288
391.43687727616 432.691689905664
333.30138640896 430.371122894848
328.17178426368 430.139066192384
321.21832358912 589.561948456448

