297.78044591104 213.601468888064
334.25761665024 322.690939530752
510.943912448 263.504107560448
496.69501762048 221.725155229184
550.84081794560 203.736992107008
528.04258622464 135.846166157312
523.36894872576 122.442076875776
488.71563651584 135.846166157312
492.70532706816 147.451437426176
497.26497340928 160.797498428928
480.16629962752 167.760660286464
476.17660908544 153.834336294400
349.07646726144 196.193568308736
353.0661578240 209.539625574912
334.25761665024 215.342258847232
330.26792609792 202.576465389056
297.78044591104 213.601468888064
