-214.21955408896 213.601468888064
-177.74238334976 322.690939530752
-1.056087552 263.504107560448
-15.30498237952 221.725155229184
38.84081794560 203.736992107008
16.04258622464 135.846166157312
11.36894872576 122.442076875776
-23.28436348416 135.846166157312
-19.29467293184 147.451437426176
-14.73502659072 160.797498428928
-31.83370037248 167.760660286464
-35.82339091456 153.834336294400
-162.92353273856 196.193568308736
-158.9338421760 209.539625574912
-177.74238334976 215.342258847232
-181.73207390208 202.576465389056
-214.21955408896 213.601468888064
