433.62306183680 280.034756819456
597.77033018880 289.318365844992
602.32997652992 204.605415163392
438.18270818304 195.321801626112
433.62306183680 280.034756819456

440.69051367424 132.309261685248
604.26782622208 141.592878577152
609.39742835712 56.299629789184
445.25016001536 47.016008356352
440.69051367424 132.309261685248

423.99080894464 490.830582426112
601.24706052608 501.854854757888
609.79639740928 364.921738439168
431.97019003904 354.477682779648
427.41054369792 432.808084972544
423.99080894464 490.830582426112
