-78.37693816320 280.034756819456
85.77033018880 289.318365844992
90.32997652992 204.605415163392
-73.81729181696 195.321801626112
-78.37693816320 280.034756819456

-71.30948632576 132.309261685248
92.26782622208 141.592878577152
97.39742835712 56.299629789184
-66.74983998464 47.016008356352
-71.30948632576 132.309261685248

-88.00919105536 490.830582426112
89.24706052608 501.854854757888
97.79639740928 364.921738439168
-80.02980996096 354.477682779648
-84.58945630208 432.808084972544
-88.00919105536 490.830582426112

438.57296596992 481.256871676928
835.26219779584 509.687889941504
841.53171151872 430.777297212928
444.84247968256 402.346266079744
438.57296596992 481.256871676928
