102.40432805888 171.037055948288
120.52892227584 187.630445919744
206.82022931968 266.884167882752
224.37486773248 283.013398253056
231.72729745408 274.948783255040
242.44246637056 263.287001192960
331.01359657984 166.859698783744
313.7439360512 151.020551962112
401.11815909888 55.869603089408
467.9739736064 117.253574821376
448.42448990720 138.488478733824
462.61638914560 151.542721660928
502.85526813184 188.500728567296
538.47750518784 149.744137136128
556.03214360064 130.655932509184
569.88206936576 115.571027678720
605.333319680 76.930457824768
550.3325856768 26.396005969408
468.42993823744 -48.796500548608
426.42419629568 -89.293712689152
331.1275877376 -176.844307995648
238.68075812864 -261.726073513472
135.91772868608 -149.865491642368
214.62862367744 -77.5738881536
226.54069974528 -66.666329391616
245.97619228160 -87.843239313920
313.05998909952 -26.227141410816
225.51477931520 69.097908840960
209.49902153728 54.361112018432
120.52892227584 151.310646238720
109.75675779072 162.972435778048
102.40432805888 171.037055948288
