102.40432805888 683.037055948288
120.52892227584 699.630445919744
206.82022931968 778.884167882752
224.37486773248 795.013398253056
231.72729745408 786.948783255040
242.44246637056 775.287001192960
331.01359657984 678.859698783744
313.7439360512 663.020551962112
401.11815909888 567.869603089408
467.9739736064 629.253574821376
448.42448990720 650.488478733824
462.61638914560 663.542721660928
502.85526813184 700.500728567296
538.47750518784 661.744137136128
556.03214360064 642.655932509184
569.88206936576 627.571027678720
605.333319680 588.930457824768
550.3325856768 538.396005969408
468.42993823744 463.203499451392
426.42419629568 422.706287310848
331.1275877376 335.155692004352
238.68075812864 250.273926486528
135.91772868608 362.134508357632
214.62862367744 434.4261118464
226.54069974528 445.333670608384
245.97619228160 424.156760686080
313.05998909952 485.772858589184
225.51477931520 581.097908840960
209.49902153728 566.361112018432
120.52892227584 663.310646238720
109.75675779072 674.972435778048
102.40432805888 683.037055948288
