126.91242715648 280.420008094208
173.64880217088 283.321118921728
181.05822748160 155.672196806144
134.89180826112 152.771083856384
126.91242715648 280.420008094208

68.77693628928 272.122830858752
117.79313446912 275.604164013568
126.91242715648 149.69590407168
77.8962289664 145.634345786880
68.77693628928 272.122830858752

114.20241297408 100.667087010816
161.50874379264 104.728646345728
178.60741756928 -116.336363509248
131.30108675584 -120.397927992832
114.20241297408 100.667087010816

172.16691710976 107.803826920448
219.47324791808 111.865386087424
236.00196591104 -109.1996147200
188.6956350976 -112.680955557376
172.16691710976 107.803826920448
