407.9576286208 145.116335669248
421.63656763904 159.622539893248
486.61152803328 92.313742088704
472.36263320576 78.387780676608
421.06661185024 131.770626713088
407.9576286208 145.116335669248

16.39799890944 278.573368950272
81.37295930368 283.21535087616
83.08282669056 256.523953114112
72.82362241024 255.363457465856
18.10786630144 250.721474798080
16.39799890944 278.573368950272

222.72199593472 406.808074152448
307.07545328128 410.289558046208
307.6454090752 406.808074152448
312.20505541632 389.980901023744
323.60417127424 365.030262014464
223.86190752768 362.70927215616
222.72199593472 406.808074152448
