80.23304772096 171.171743183872
113.29048370176 213.530347994112
97.90167730176 224.555188651520
126.96942274048 265.173016628736
193.654250496 214.690857570816
215.31257062912 197.863467963392
219.87221696512 203.085761462784
221.01212855808 201.925251809792
228.4215538688 211.209328818688
272.87810571264 176.974292397056
227.28164228096 118.368536456192
207.33318953472 134.035423641088
197.64394104832 118.368536456192
180.54526726144 96.318840992768
155.46721236992 112.56598529024
80.23304772096 171.171743183872

