194.04450828288 342.085353408512
203.16380097024 342.665585596928
288.65716989440 346.146978691072
289.79708147712 346.146978691072
290.93699305984 333.381870339584
289.79708147712 332.221405897728
288.65716989440 331.060941446144
285.2374351360 330.480709218304
287.51725830656 284.642357121024
206.0135799296 281.160962799104
204.87366834176 309.592347734528
195.75437565440 309.012115435008
194.04450828288 342.085353408512

80.62330550784 235.90283027456
154.14760278528 239.964458032128
164.97676284416 75.758574663168
90.8825097728 71.696943079936
81.76321709568 212.113294362624
80.62330550784 235.90283027456

190.05481773056 480.760791670784
280.67778880000 485.982877147648
288.65716989440 346.146978691072
203.16380097024 342.665585596928
196.89428724736 458.711984596992
191.1947293184 458.131752793088
190.05481773056 480.760791670784
