-409.59567194112 683.037055948288
-391.47107772416 699.630445919744
-305.17977068032 778.884167882752
-287.62513226752 795.013398253056
-280.27270254592 786.948783255040
-269.55753362944 775.287001192960
-180.98640342016 678.859698783744
-198.2560639488 663.020551962112
-110.88184090112 567.869603089408
-44.0260263936 629.253574821376
-63.57551009280 650.488478733824
-49.38361085440 663.542721660928
-9.14473186816 700.500728567296
26.47750518784 661.744137136128
44.03214360064 642.655932509184
57.88206936576 627.571027678720
93.333319680 588.930457824768
38.3325856768 538.396005969408
-43.57006176256 463.203499451392
-85.57580370432 422.706287310848
-180.8724122624 335.155692004352
-273.31924187136 250.273926486528
-376.08227131392 362.134508357632
-297.37137632256 434.4261118464
-285.45930025472 445.333670608384
-266.02380771840 424.156760686080
-198.94001090048 485.772858589184
-286.48522068480 581.097908840960
-302.50097846272 566.361112018432
-391.47107772416 663.310646238720
-402.24324220928 674.972435778048
-409.59567194112 683.037055948288
