-409.59567194112 171.037055948288
-391.47107772416 187.630445919744
-305.17977068032 266.884167882752
-287.62513226752 283.013398253056
-280.27270254592 274.948783255040
-269.55753362944 263.287001192960
-180.98640342016 166.859698783744
-198.2560639488 151.020551962112
-110.88184090112 55.869603089408
-44.0260263936 117.253574821376
-63.57551009280 138.488478733824
-49.38361085440 151.542721660928
-9.14473186816 188.500728567296
26.47750518784 149.744137136128
44.03214360064 130.655932509184
57.88206936576 115.571027678720
93.333319680 76.930457824768
38.3325856768 26.396005969408
-43.57006176256 -48.796500548608
-85.57580370432 -89.293712689152
-180.8724122624 -176.844307995648
-273.31924187136 -261.726073513472
-376.08227131392 -149.865491642368
-297.37137632256 -77.5738881536
-285.45930025472 -66.666329391616
-266.02380771840 -87.843239313920
-198.94001090048 -26.227141410816
-286.48522068480 69.097908840960
-302.50097846272 54.361112018432
-391.47107772416 151.310646238720
-402.24324220928 162.972435778048
-409.59567194112 171.037055948288

