419.22533076992 403.278967868928
427.20471187456 423.23719018496
601.49719332864 727.715833975808
740.62340236288 957.582934204928
753.90337233408 972.20344625152
775.21971899904 984.851348542464
796.47907006976 984.213151659520
853.07568029184 952.245286642688
934.29438077440 897.766461460992
967.00984329216 877.808293352448
1165.06948130304 760.031847909888
1190.26152735744 737.868980829184
1194.30821348864 713.617463365120
1182.22515067904 690.468284465664
1038.59629087232 459.266417139200
858.37626916864 144.402052059648
849.08598973952 136.453561573888
833.75417892352 129.781470739456
815.80057143808 135.119143425536
614.15021193216 261.540712982016
448.46406294528 358.721067959808
433.87319464448 368.700181947392
423.84197269504 377.983078169088
419.22533076992 387.962191058944
419.22533076992 403.278967868928

