197.85450082304 235.987174675968
294.74698560512 315.482753905664
307.28601305600 299.235485190656
220.08277673984 229.024056517632
202.98410295296 229.604316373504
197.85450082304 235.987174675968

446.35522650624 375.829738717696
521.58939117056 433.855665919488
534.69837441024 416.447889789952
459.46420974592 359.002216209920
446.35522650624 375.829738717696

353.45243226624 46.242105228288
365.99145971200 50.884188907008
408.73814417408 68.872261989888
418.99734845952 43.340802866688
363.14168075264 21.290903337472
353.45243226624 46.242105228288

