-92.77466923008 403.278967868928
-84.79528812544 423.23719018496
89.49719332864 727.715833975808
228.62340236288 957.582934204928
241.90337233408 972.20344625152
263.21971899904 984.851348542464
284.47907006976 984.213151659520
341.07568029184 952.245286642688
422.29438077440 897.766461460992
455.00984329216 877.808293352448
653.06948130304 760.031847909888
678.26152735744 737.868980829184
682.30821348864 713.617463365120
670.22515067904 690.468284465664
526.59629087232 459.266417139200
346.37626916864 144.402052059648
337.08598973952 136.453561573888
321.75417892352 129.781470739456
303.80057143808 135.119143425536
102.15021193216 261.540712982016
-63.53593705472 358.721067959808
-78.12680535552 368.700181947392
-88.15802730496 377.983078169088
-92.77466923008 387.962191058944
-92.77466923008 403.278967868928

