-92.77466923008 -108.721032131072
-84.79528812544 -88.76280981504
89.49719332864 215.715833975808
228.62340236288 445.582934204928
241.90337233408 460.20344625152
263.21971899904 472.851348542464
284.47907006976 472.213151659520
341.07568029184 440.245286642688
422.29438077440 385.766461460992
455.00984329216 365.808293352448
653.06948130304 248.031847909888
678.26152735744 225.868980829184
682.30821348864 201.617463365120
670.22515067904 178.468284465664
526.59629087232 -52.733582860800
346.37626916864 -367.597947940352
337.08598973952 -375.546438426112
321.75417892352 -382.218529260544
303.80057143808 -376.880856574464
102.15021193216 -250.459287017984
-63.53593705472 -153.278932040192
-78.12680535552 -143.299818052608
-88.15802730496 -134.016921830912
-92.77466923008 -124.037808941056
-92.77466923008 -108.721032131072
