-604.77466923008 403.278967868928
-596.79528812544 423.23719018496
-422.50280667136 727.715833975808
-283.37659763712 957.582934204928
-270.09662766592 972.20344625152
-248.78028100096 984.851348542464
-227.52092993024 984.213151659520
-170.92431970816 952.245286642688
-89.70561922560 897.766461460992
-56.99015670784 877.808293352448
141.06948130304 760.031847909888
166.26152735744 737.868980829184
170.30821348864 713.617463365120
158.22515067904 690.468284465664
14.59629087232 459.266417139200
-165.62373083136 144.402052059648
-174.91401026048 136.453561573888
-190.24582107648 129.781470739456
-208.19942856192 135.119143425536
-409.84978806784 261.540712982016
-575.53593705472 358.721067959808
-590.12680535552 368.700181947392
-600.15802730496 377.983078169088
-604.77466923008 387.962191058944
-604.77466923008 403.278967868928

