-604.77466923008 -108.721032131072
-596.79528812544 -88.76280981504
-422.50280667136 215.715833975808
-283.37659763712 445.582934204928
-270.09662766592 460.20344625152
-248.78028100096 472.851348542464
-227.52092993024 472.213151659520
-170.92431970816 440.245286642688
-89.70561922560 385.766461460992
-56.99015670784 365.808293352448
141.06948130304 248.031847909888
166.26152735744 225.868980829184
170.30821348864 201.617463365120
158.22515067904 178.468284465664
14.59629087232 -52.733582860800
-165.62373083136 -367.597947940352
-174.91401026048 -375.546438426112
-190.24582107648 -382.218529260544
-208.19942856192 -376.880856574464
-409.84978806784 -250.459287017984
-575.53593705472 -153.278932040192
-590.12680535552 -143.299818052608
-600.15802730496 -134.016921830912
-604.77466923008 -124.037808941056
-604.77466923008 -108.721032131072

