192.75576044544 316.240523812352
285.25958562816 403.269723663872
277.33720010752 410.348096677376
352.11540013056 479.623305943552
359.41083428864 472.312858021888
452.02865061376 564.737784220672
454.99242073600 567.696773516288
526.86384622080 491.459268597248
468.21539514368 437.675255375360
489.4747462144 414.467477561856
502.5267338752 426.477502966272
532.33542183424 394.044630536192
517.63056238080 380.584116416512
569.83851300864 323.608997749248
583.06148739584 335.677048875520
619.53865814016 293.496885767680
453.51053569024 139.222997456384
416.29242241024 179.778651105792
424.04382118912 186.857033178112
321.67976078848 298.486561717248
260.46650864128 242.323689334784
192.75576044544 316.240523812352
