192.75576044544 -195.759476187648
285.25958562816 -108.730276336128
277.33720010752 -101.651903322624
352.11540013056 -32.376694056448
359.41083428864 -39.687141978112
452.02865061376 52.737784220672
454.99242073600 55.696773516288
526.86384622080 -20.540731402752
468.21539514368 -74.324744624640
489.4747462144 -97.532522438144
502.5267338752 -85.522497033728
532.33542183424 -117.955369463808
517.63056238080 -131.415883583488
569.83851300864 -188.391002250752
583.06148739584 -176.322951124480
619.53865814016 -218.503114232320
453.51053569024 -372.777002543616
416.29242241024 -332.221348894208
424.04382118912 -325.142966821888
321.67976078848 -213.513438282752
260.46650864128 -269.676310665216
192.75576044544 -195.759476187648

