267.8102270976 59.691526220288
393.20050152448 178.052789959168
425.68798171648 144.981268466176
437.08709757440 155.424907509248
441.07678813184 155.424907509248
454.7557271552 140.919853115392
454.7557271552 136.278235451392
442.78665549824 125.254393011712
520.87059912704 39.964641125888
580.14600157184 -24.437852201472
560.76750462464 -43.004341176832
582.42582475264 -65.632252285952
495.79254424064 -147.440878470656
474.70417990656 -124.232753670656
455.3256829440 -142.799253262848
267.8102270976 59.691526220288
