267.8102270976 571.691526220288
393.20050152448 690.052789959168
425.68798171648 656.981268466176
437.08709757440 667.424907509248
441.07678813184 667.424907509248
454.7557271552 652.919853115392
454.7557271552 648.278235451392
442.78665549824 637.254393011712
520.87059912704 551.964641125888
580.14600157184 487.562147798528
560.76750462464 468.995658823168
582.42582475264 446.367747714048
495.79254424064 364.559121529344
474.70417990656 387.767246329344
455.3256829440 369.200746737152
267.8102270976 571.691526220288
