-319.24423955456 316.240523812352
-226.74041437184 403.269723663872
-234.66279989248 410.348096677376
-159.88459986944 479.623305943552
-152.58916571136 472.312858021888
-59.97134938624 564.737784220672
-57.00757926400 567.696773516288
14.86384622080 491.459268597248
-43.78460485632 437.675255375360
-22.5252537856 414.467477561856
-9.4732661248 426.477502966272
20.33542183424 394.044630536192
5.63056238080 380.584116416512
57.83851300864 323.608997749248
71.06148739584 335.677048875520
107.53865814016 293.496885767680
-58.48946430976 139.222997456384
-95.70757758976 179.778651105792
-87.95617881088 186.857033178112
-190.32023921152 298.486561717248
-251.53349135872 242.323689334784
-319.24423955456 316.240523812352

