168.52392798208 303.103109029888
169.37886166528 323.641704562176
191.37915527168 369.882544986624
299.10080012288 602.304952730624
537.34232153600 502.803136050688
683.36499566592 618.434104848384
862.50210137088 433.935081635328
869.79753551360 420.358730719744
869.5125576192 404.983802128384
862.95806600192 391.755560595456
855.83361859072 386.359830208512
576.55528008704 127.596650405376
537.85528175104 91.451000827904
504.05690324480 70.854359280128
485.36235322880 69.171816622592
463.02008615424 80.543483914752
430.76058827264 113.556126096896
368.23643779584 183.642699002368
322.69696994304 235.801479626240
298.81582222848 261.039593691648
250.08460194304 214.276556473344
203.46221808128 256.97828822528
178.21317644800 284.189033041408
168.52392798208 303.103109029888

