168.52392798208 -208.896890970112
169.37886166528 -188.358295437824
191.37915527168 -142.117455013376
299.10080012288 90.304952730624
537.34232153600 -9.196863949312
683.36499566592 106.434104848384
862.50210137088 -78.064918364672
869.79753551360 -91.641269280256
869.5125576192 -107.016197871616
862.95806600192 -120.244439404544
855.83361859072 -125.640169791488
576.55528008704 -384.403349594624
537.85528175104 -420.548999172096
504.05690324480 -441.145640719872
485.36235322880 -442.828183377408
463.02008615424 -431.456516085248
430.76058827264 -398.443873903104
368.23643779584 -328.357300997632
322.69696994304 -276.198520373760
298.81582222848 -250.960406308352
250.08460194304 -297.723443526656
203.46221808128 -255.02171177472
178.21317644800 -227.810966958592
168.52392798208 -208.896890970112

