-343.47607201792 303.103109029888
-342.62113833472 323.641704562176
-320.62084472832 369.882544986624
-212.89919987712 602.304952730624
25.34232153600 502.803136050688
171.36499566592 618.434104848384
350.50210137088 433.935081635328
357.79753551360 420.358730719744
357.5125576192 404.983802128384
350.95806600192 391.755560595456
343.83361859072 386.359830208512
64.55528008704 127.596650405376
25.85528175104 91.451000827904
-7.94309675520 70.854359280128
-26.63764677120 69.171816622592
-48.97991384576 80.543483914752
-81.23941172736 113.556126096896
-143.76356220416 183.642699002368
-189.30303005696 235.801479626240
-213.18417777152 261.039593691648
-261.91539805696 214.276556473344
-308.53778191872 256.97828822528
-333.78682355200 284.189033041408
-343.47607201792 303.103109029888
