-343.47607201792 -208.896890970112
-342.62113833472 -188.358295437824
-320.62084472832 -142.117455013376
-212.89919987712 90.304952730624
25.34232153600 -9.196863949312
171.36499566592 106.434104848384
350.50210137088 -78.064918364672
357.79753551360 -91.641269280256
357.5125576192 -107.016197871616
350.95806600192 -120.244439404544
343.83361859072 -125.640169791488
64.55528008704 -384.403349594624
25.85528175104 -420.548999172096
-7.94309675520 -441.145640719872
-26.63764677120 -442.828183377408
-48.97991384576 -431.456516085248
-81.23941172736 -398.443873903104
-143.76356220416 -328.357300997632
-189.30303005696 -276.198520373760
-213.18417777152 -250.960406308352
-261.91539805696 -297.723443526656
-308.53778191872 -255.02171177472
-333.78682355200 -227.810966958592
-343.47607201792 -208.896890970112

