-244.1897729024 59.691526220288
-118.79949847552 178.052789959168
-86.31201828352 144.981268466176
-74.91290242560 155.424907509248
-70.92321186816 155.424907509248
-57.2442728448 140.919853115392
-57.2442728448 136.278235451392
-69.21334450176 125.254393011712
8.87059912704 39.964641125888
68.14600157184 -24.437852201472
48.76750462464 -43.004341176832
70.42582475264 -65.632252285952
-16.20745575936 -147.440878470656
-37.29582009344 -124.232753670656
-56.6743170560 -142.799253262848
-244.1897729024 59.691526220288
