-244.1897729024 571.691526220288
-118.79949847552 690.052789959168
-86.31201828352 656.981268466176
-74.91290242560 667.424907509248
-70.92321186816 667.424907509248
-57.2442728448 652.919853115392
-57.2442728448 648.278235451392
-69.21334450176 637.254393011712
8.87059912704 551.964641125888
68.14600157184 487.562147798528
48.76750462464 468.995658823168
70.42582475264 446.367747714048
-16.20745575936 364.559121529344
-37.29582009344 387.767246329344
-56.6743170560 369.200746737152
-244.1897729024 571.691526220288

