-297.71733313536 116.901878828544
-295.60849669632 150.896851890688
-280.44767260672 172.593298827776
-255.48360887808 188.488555039744
-232.28640810496 192.201315407360
-206.92337532416 186.458139181568
310.82446691328 277.536770288128
397.34375627264 -216.782916753920
-92.5902432768 -300.320239027712
-57.70894874624 -488.51140818432
-152.6635838464 -501.274071858688
-249.55606863360 65.213263804416
-278.85179638272 74.089087669248
-291.84678846464 90.216400472576
-297.71733313536 116.901878828544
