-297.71733313536 628.901878828544
-295.60849669632 662.896851890688
-280.44767260672 684.593298827776
-255.48360887808 700.488555039744
-232.28640810496 704.201315407360
-206.92337532416 698.458139181568
310.82446691328 789.536770288128
397.34375627264 295.217083246080
-92.5902432768 211.679760972288
-57.70894874624 23.48859181568
-152.6635838464 10.725928141312
-249.55606863360 577.213263804416
-278.85179638272 586.089087669248
-291.84678846464 602.216400472576
-297.71733313536 628.901878828544

