164.50810360832 -235.172409626112
173.05744050688 -200.942115455488
308.70691919872 122.794911435264
345.75404574208 105.969883591168
350.31369208320 115.252657775104
638.14136748032 -9.484661504512
634.72163272704 -18.76744231424
660.93959919616 -33.271788313088
667.20911291904 -45.455439882752
533.04151927808 -361.824556356096
525.29012049408 -358.517559148032
509.33135828480 -392.399779149312
480.26361286144 -399.942055043584
454.0456463872 -388.338553803776
450.62591163392 -399.361879963136
200.98527435776 -288.548474932224
178.75699843072 -269.982885151232
164.50810360832 -235.172409626112

-5.11074034176 79.513974466048
21.9621598208 142.056665459200
6.11738876928 149.134779357184
47.38218817536 244.515237032448
215.69013380608 169.034720991232
147.35243425280 11.111506651136
-5.11074034176 79.513974466048
