164.50810360832 276.827590373888
173.05744050688 311.057884544512
308.70691919872 634.794911435264
345.75404574208 617.969883591168
350.31369208320 627.252657775104
638.14136748032 502.515338495488
634.72163272704 493.23255768576
660.93959919616 478.728211686912
667.20911291904 466.544560117248
533.04151927808 150.175443643904
525.29012049408 153.482440851968
509.33135828480 119.600220850688
480.26361286144 112.057944956416
454.0456463872 123.661446196224
450.62591163392 112.638120036864
200.98527435776 223.451525067776
178.75699843072 242.017114848768
164.50810360832 276.827590373888
