210.67452283904 606.00382383616
233.52975012864 626.542443956736
355.55728538624 736.139729138176
480.83356864512 596.604793483776
606.50882097152 456.605596325888
627.02722952704 433.746205774848
594.65374047744 404.736822597120
650.28142586368 342.772763990528
593.11485984768 291.484144545280
578.23901365248 278.13981800960
522.61132826624 340.045880755712
485.45021058048 306.685071788544
482.08747138560 303.668093966848
474.22208144896 312.370914462208
430.73445445632 360.816607294464
356.8111881216 443.203263649280
339.4275364352 462.58152787968
210.67452283904 606.00382383616
