-388.91897125376 171.960668050432
-233.54902212608 314.922406139904
64.5948531200 -40.741550225408
-100.35035333120 -195.82982860288
-173.76065944576 -113.498996994048
-209.26890534400 -146.396512786944
-266.83444042240 -80.775548283392
-326.16683846656 -13.530040847872
-293.9073405952 17.742882600448
-363.66992963072 90.500274656768
-337.90792779264 114.404610561536
-388.91897125376 171.960668050432

184.57054751232 40.834944929280
314.52046828544 177.182486843392
312.240645120 181.824103415808
312.8106009088 184.144911656448
314.52046828544 187.045921914368
316.80029147136 188.206326003712
319.65007043584 189.366730083840
323.63976097792 188.786528045568
325.91958414848 187.045921914368
327.62945153024 184.725113712128
327.62945153024 182.984507540992
461.56906285056 181.243901352448
592.0889394176 33.872514398720
514.57495158784 -46.775659491328
481.51751560192 -27.048764594176
458.71928388096 -60.700527821312
459.28923968000 -62.441136440832
459.85919546880 -64.761947959296
458.71928388096 -67.08275951104
457.00941650944 -67.662962401792
455.29954912768 -68.243165297152
453.58968174592 -67.662962401792
451.87981437440 -65.342150843904
418.82237838336 -66.502556617728
418.25242258944 -69.403571089920
415.97259942912 -71.724382702592
411.98290886656 -72.884788518400
409.70308569600 -72.884788518400
407.99321832448 -72.30458561024
322.49984939520 -67.662962401792
320.78998201856 -69.983773990400
318.51015884288 -71.144179796480
316.23033566208 -71.724382702592
313.38055671296 -71.144179796480
311.10073353728 -69.403571089920
308.82091036672 -67.08275951104
308.25095456768 -63.601542195712
309.39086615552 -61.280730691072
312.240645120 -58.379716355072
293.43210395648 -23.567548078592
259.80471217664 -42.714239772160
184.57054751232 40.834944929280

