-388.91897125376 683.960668050432
-233.54902212608 826.922406139904
64.5948531200 471.258449774592
-100.35035333120 316.17017139712
-173.76065944576 398.501003005952
-209.26890534400 365.603487213056
-266.83444042240 431.224451716608
-326.16683846656 498.469959152128
-293.9073405952 529.742882600448
-363.66992963072 602.500274656768
-337.90792779264 626.404610561536
-388.91897125376 683.960668050432

184.57054751232 552.834944929280
314.52046828544 689.182486843392
312.240645120 693.824103415808
312.8106009088 696.144911656448
314.52046828544 699.045921914368
316.80029147136 700.206326003712
319.65007043584 701.366730083840
323.63976097792 700.786528045568
325.91958414848 699.045921914368
327.62945153024 696.725113712128
327.62945153024 694.984507540992
461.56906285056 693.243901352448
592.0889394176 545.872514398720
514.57495158784 465.224340508672
481.51751560192 484.951235405824
458.71928388096 451.299472178688
459.28923968000 449.558863559168
459.85919546880 447.238052040704
458.71928388096 444.91724048896
457.00941650944 444.337037598208
455.29954912768 443.756834702848
453.58968174592 444.337037598208
451.87981437440 446.657849156096
418.82237838336 445.497443382272
418.25242258944 442.596428910080
415.97259942912 440.275617297408
411.98290886656 439.115211481600
409.70308569600 439.115211481600
407.99321832448 439.69541438976
322.49984939520 444.337037598208
320.78998201856 442.016226009600
318.51015884288 440.855820203520
316.23033566208 440.275617297408
313.38055671296 440.855820203520
311.10073353728 442.596428910080
308.82091036672 444.91724048896
308.25095456768 448.398457804288
309.39086615552 450.719269308928
312.240645120 453.620283644928
293.43210395648 488.432451921408
259.80471217664 469.285760227840
184.57054751232 552.834944929280

