210.67452283904 94.00382383616
233.52975012864 114.542443956736
355.55728538624 224.139729138176
480.83356864512 84.604793483776
606.50882097152 -55.394403674112
627.02722952704 -78.253794225152
594.65374047744 -107.263177402880
650.28142586368 -169.227236009472
593.11485984768 -220.515855454720
578.23901365248 -233.86018199040
522.61132826624 -171.954119244288
485.45021058048 -205.314928211456
482.08747138560 -208.331906033152
474.22208144896 -199.629085537792
430.73445445632 -151.183392705536
356.8111881216 -68.796736350720
339.4275364352 -49.41847212032
210.67452283904 94.00382383616

