-347.49189639168 -235.172409626112
-338.94255949312 -200.942115455488
-203.29308080128 122.794911435264
-166.24595425792 105.969883591168
-161.68630791680 115.252657775104
126.14136748032 -9.484661504512
122.72163272704 -18.76744231424
148.93959919616 -33.271788313088
155.20911291904 -45.455439882752
21.04151927808 -361.824556356096
13.29012049408 -358.517559148032
-2.66864171520 -392.399779149312
-31.73638713856 -399.942055043584
-57.9543536128 -388.338553803776
-61.37408836608 -399.361879963136
-311.01472564224 -288.548474932224
-333.24300156928 -269.982885151232
-347.49189639168 -235.172409626112

