-347.49189639168 276.827590373888
-338.94255949312 311.057884544512
-203.29308080128 634.794911435264
-166.24595425792 617.969883591168
-161.68630791680 627.252657775104
126.14136748032 502.515338495488
122.72163272704 493.23255768576
148.93959919616 478.728211686912
155.20911291904 466.544560117248
21.04151927808 150.175443643904
13.29012049408 153.482440851968
-2.66864171520 119.600220850688
-31.73638713856 112.057944956416
-57.9543536128 123.661446196224
-61.37408836608 112.638120036864
-311.01472564224 223.451525067776
-333.24300156928 242.017114848768
-347.49189639168 276.827590373888

431.01072108032 251.241891538432
470.33767078912 345.056102290944
504.59201393664 330.667778863104
509.43663818240 341.807126135296
689.82764662784 263.367540660224
646.16903289344 160.212470071808
431.01072108032 251.241891538432

