-327.42945248768 552.834944929280
-197.47953171456 689.182486843392
-199.759354880 693.824103415808
-199.1893990912 696.144911656448
-197.47953171456 699.045921914368
-195.19970852864 700.206326003712
-192.34992956416 701.366730083840
-188.36023902208 700.786528045568
-186.08041585152 699.045921914368
-184.37054846976 696.725113712128
-184.37054846976 694.984507540992
-50.43093714944 693.243901352448
80.0889394176 545.872514398720
2.57495158784 465.224340508672
-30.48248439808 484.951235405824
-53.28071611904 451.299472178688
-52.71076032000 449.558863559168
-52.14080453120 447.238052040704
-53.28071611904 444.91724048896
-54.99058349056 444.337037598208
-56.70045087232 443.756834702848
-58.41031825408 444.337037598208
-60.12018562560 446.657849156096
-93.17762161664 445.497443382272
-93.74757741056 442.596428910080
-96.02740057088 440.275617297408
-100.01709113344 439.115211481600
-102.29691430400 439.115211481600
-104.00678167552 439.69541438976
-189.50015060480 444.337037598208
-191.21001798144 442.016226009600
-193.48984115712 440.855820203520
-195.76966433792 440.275617297408
-198.61944328704 440.855820203520
-200.89926646272 442.596428910080
-203.17908963328 444.91724048896
-203.74904543232 448.398457804288
-202.60913384448 450.719269308928
-199.759354880 453.620283644928
-218.56789604352 488.432451921408
-252.19528782336 469.285760227840
-327.42945248768 552.834944929280

