-301.32547716096 94.00382383616
-278.47024987136 114.542443956736
-156.44271461376 224.139729138176
-31.16643135488 84.604793483776
94.50882097152 -55.394403674112
115.02722952704 -78.253794225152
82.65374047744 -107.263177402880
138.28142586368 -169.227236009472
81.11485984768 -220.515855454720
66.23901365248 -233.86018199040
10.61132826624 -171.954119244288
-26.54978941952 -205.314928211456
-29.91252861440 -208.331906033152
-37.77791855104 -199.629085537792
-81.26554554368 -151.183392705536
-155.1888118784 -68.796736350720
-172.5724635648 -49.41847212032
-301.32547716096 94.00382383616

