-327.42945248768 40.834944929280
-197.47953171456 177.182486843392
-199.759354880 181.824103415808
-199.1893990912 184.144911656448
-197.47953171456 187.045921914368
-195.19970852864 188.206326003712
-192.34992956416 189.366730083840
-188.36023902208 188.786528045568
-186.08041585152 187.045921914368
-184.37054846976 184.725113712128
-184.37054846976 182.984507540992
-50.43093714944 181.243901352448
80.0889394176 33.872514398720
2.57495158784 -46.775659491328
-30.48248439808 -27.048764594176
-53.28071611904 -60.700527821312
-52.71076032000 -62.441136440832
-52.14080453120 -64.761947959296
-53.28071611904 -67.08275951104
-54.99058349056 -67.662962401792
-56.70045087232 -68.243165297152
-58.41031825408 -67.662962401792
-60.12018562560 -65.342150843904
-93.17762161664 -66.502556617728
-93.74757741056 -69.403571089920
-96.02740057088 -71.724382702592
-100.01709113344 -72.884788518400
-102.29691430400 -72.884788518400
-104.00678167552 -72.30458561024
-189.50015060480 -67.662962401792
-191.21001798144 -69.983773990400
-193.48984115712 -71.144179796480
-195.76966433792 -71.724382702592
-198.61944328704 -71.144179796480
-200.89926646272 -69.403571089920
-203.17908963328 -67.08275951104
-203.74904543232 -63.601542195712
-202.60913384448 -61.280730691072
-199.759354880 -58.379716355072
-218.56789604352 -23.567548078592
-252.19528782336 -42.714239772160
-327.42945248768 40.834944929280

