317.81750061568 444.408087468544
335.48613019648 500.114923227648
343.46551130112 497.793805429248
364.55387562496 561.624533647872
384.50232838144 555.241461879808
390.77184210944 572.069559672320
426.10910126592 560.463975162368
414.70998540800 524.486658259968
593.10614857216 466.458712090624
591.3962811904 461.816475560448
607.35504338944 456.59395931648
594.24606014976 416.554662897152
610.77477814272 411.332145293312
606.78508760064 401.467389390848
622.17389400064 396.244871335424
607.35504338944 349.822481712640
543.51999458816 370.712558577664
550.35946409984 389.861793497088
516.73207233024 402.047669164544
509.89260281344 381.737875909120
317.81750061568 444.408087468544

