32.83960418304 139.3730654208
34.54947156480 189.276900306432
35.11942735360 209.586596451328
35.68938315264 221.772413000192
36.82929473536 254.267919620608
67.60690755584 253.107365917696
68.17686334464 269.355117058048
337.76595336704 260.070688021504
336.05608599552 213.068258408960
339.4758207488 212.487981420032
336.62604178432 128.928074911232
299.00895945216 130.088629444096
298.43900366336 113.260587971584
69.31677492736 120.804192971776
69.88673072640 138.212510949888
32.83960418304 139.3730654208
