125.40042494464 661.030755084288
138.39541703168 672.982674074624
156.17803776512 689.344037583360
147.34372296704 698.975194108928
179.7742075904 728.854983561728
188.60852237312 719.223828684288
206.61912543232 735.817263864832
219.21514845184 747.363044755968
279.06050670592 682.381755426304
283.84813536256 686.791200823808
367.00468553216 596.455566965248
360.67817624064 590.595643051008
270.56816539648 507.686401465344
263.84268703232 501.536379175936
181.19909707776 591.349890694144
185.70174783488 595.527262199296
125.40042494464 661.030755084288

