317.81750061568 -67.591912531456
335.48613019648 -11.885076772352
343.46551130112 -14.206194570752
364.55387562496 49.624533647872
384.50232838144 43.241461879808
390.77184210944 60.069559672320
426.10910126592 48.463975162368
414.70998540800 12.486658259968
593.10614857216 -45.541287909376
591.3962811904 -50.183524439552
607.35504338944 -55.40604068352
594.24606014976 -95.445337102848
610.77477814272 -100.667854706688
606.78508760064 -110.532610609152
622.17389400064 -115.755128664576
607.35504338944 -162.177518287360
543.51999458816 -141.287441422336
550.35946409984 -122.138206502912
516.73207233024 -109.952330835456
509.89260281344 -130.262124090880
317.81750061568 -67.591912531456
