-301.32547716096 606.00382383616
-278.47024987136 626.542443956736
-156.44271461376 736.139729138176
-31.16643135488 596.604793483776
94.50882097152 456.605596325888
115.02722952704 433.746205774848
82.65374047744 404.736822597120
138.28142586368 342.772763990528
81.11485984768 291.484144545280
66.23901365248 278.13981800960
10.61132826624 340.045880755712
-26.54978941952 306.685071788544
-29.91252861440 303.668093966848
-37.77791855104 312.370914462208
-81.26554554368 360.816607294464
-155.1888118784 443.203263649280
-172.5724635648 462.58152787968
-301.32547716096 606.00382383616
