-194.18249938432 444.408087468544
-176.51386980352 500.114923227648
-168.53448869888 497.793805429248
-147.44612437504 561.624533647872
-127.49767161856 555.241461879808
-121.22815789056 572.069559672320
-85.89089873408 560.463975162368
-97.29001459200 524.486658259968
81.10614857216 466.458712090624
79.3962811904 461.816475560448
95.35504338944 456.59395931648
82.24606014976 416.554662897152
98.77477814272 411.332145293312
94.78508760064 401.467389390848
110.17389400064 396.244871335424
95.35504338944 349.822481712640
31.51999458816 370.712558577664
38.35946409984 389.861793497088
4.73207233024 402.047669164544
-2.10739718656 381.737875909120
-194.18249938432 444.408087468544

