3.59216074752 316.357531460096
41.20924306432 318.098361378304
42.3491546624 280.960652658176
187.68788184064 286.183143428096
188.25783762944 276.898715288064
220.74531782144 277.478992060928
219.60540624384 287.923973647872
297.11939405824 290.245080583680
303.95886358016 121.964747556864
225.87491995648 119.063361076736
225.30496416768 128.928074911232
191.67757238272 127.767520372224
191.67757238272 117.322529165312
49.1886241792 112.100033326592
49.7585799680 93.5311579648
12.71145342464 92.370603188736
5.30202811904 273.997331390976
3.59216074752 316.357531460096
