-243.83436020736 502.392503203328
-66.57810862592 600.382106113024
34.98801365504 425.926925309440
-130.12817954304 327.995241050112
-243.83436020736 502.392503203328

30.54235847168 640.297334187520
34.07608438272 657.064047913984
36.29891197952 670.987961204736
438.28873268736 895.046780113408
452.19565403648 898.179656438272
465.07665494528 891.449773895168
572.00036169728 697.211328226816
569.66354294784 685.085922283008
564.24896290304 672.148287263232
158.66842070528 450.351821427712
146.41437116416 450.467854178304
136.66812710400 455.631311589888
30.54235847168 640.297334187520
