335.69668996608 118.461523377152
358.49492168704 121.942961868288
367.61421436928 51.733938866688
369.32408174080 51.733938866688
370.46399333888 29.104578315776
345.38593845248 28.524338262528
347.66576162304 38.968658917888
345.95589424640 50.573458909184
335.69668996608 118.461523377152

357.92496589824 315.742928114688
381.29315339776 316.903406305792
386.4227555328 255.398051556864
363.05456802816 254.237572956672
357.92496589824 315.742928114688

420.05014731264 331.989622079488
439.99860005888 332.569861120512
443.98829060096 260.03996588032
424.60979364864 258.299248025088
421.19005889536 319.224362663424
420.05014731264 331.989622079488
