374.27398586880 356.040866047488
394.79239441408 357.781628983808
403.91168710656 252.755567366656
383.39327855616 250.434548713472
375.41389745664 339.213490103808
374.27398586880 356.040866047488

457.48753163264 364.164426265088
478.00594017792 364.744680551936
486.55527706112 260.298877771264
465.46691273216 259.138368499712
457.48753163264 361.263154801664
457.48753163264 364.164426265088

249.4536672256 347.337051106304
291.06044012032 350.818577135104
291.06044012032 350.238322802176
299.60977700864 244.632001948672
259.14291571200 240.570219099136
249.4536672256 347.337051106304
