96.52581673984 380.149455997440
113.62449052672 383.630889260032
125.02360638464 311.101015276032
107.35497680384 309.940537045504
96.52581673984 380.149455997440

476.68633058304 207.818422612480
494.92491595264 209.559140973568
494.92491595264 208.978901520384
500.05451808768 144.572310361088
481.81593270784 143.411831023104
476.68633058304 207.818422612480

276.06189148672 325.026753421312
278.91167045120 417.864979291648
286.89105155584 417.864979291648
305.12963692544 417.864979291648
305.12963692544 325.026753421312
276.06189148672 325.026753421312

305.12963692544 417.864979291648
305.69959271936 479.950515237376
327.92786864128 479.370276686336
325.64804547072 417.864979291648
305.12963692544 417.864979291648
