466.63768607744 252.625859715072
527.62295591936 255.526936937984
529.33282329088 238.700688378368
511.66419371520 238.120472880128
467.77759766528 234.058964351488
466.63768607744 252.625859715072

469.48746504704 285.698137188352
499.12516626944 286.858567861760
498.55521048064 289.179429188096
524.20322116608 289.759644515840
525.91308852736 272.933399257088
470.05742083072 268.871891538432
469.48746504704 285.698137188352

460.36817235456 340.818585708544
515.65388426752 347.200952305152
517.36375164928 325.152775794688
463.21795132416 319.350623619072
460.36817235456 340.818585708544
