170.08097577984 71.813184790016
191.73929590784 75.294613980672
194.01911908864 75.874852171264
198.57876542464 47.443178498048
209.40792548864 -62.802130642432
186.03973798400 -65.123085269504
177.49040108544 19.011500184064
173.50071053312 56.146752564224
171.22088736256 63.109611504128
170.08097577984 71.813184790016

224.22677609984 424.017418913280
232.20615719424 528.46005329408
234.48598037504 528.46005329408
236.76580354560 562.113777703424
262.98377001984 560.373067977728
262.98377001984 558.632358239232
256.71425629184 467.535190847488
255.57434470912 467.535190847488
254.4344331264 453.609505011200
262.41381423104 452.449031141888
262.41381423104 436.782633140736
261.84385844224 422.856944846336
244.17522885120 423.437181882368
224.22677609984 424.017418913280
