-45.36231392256 252.625859715072
15.62295591936 255.526936937984
17.33282329088 238.700688378368
-0.33580628480 238.120472880128
-44.22240233472 234.058964351488
-45.36231392256 252.625859715072

-42.51253495296 285.698137188352
-12.87483373056 286.858567861760
-13.44478951936 289.179429188096
12.20322116608 289.759644515840
13.91308852736 272.933399257088
-41.94257916928 268.871891538432
-42.51253495296 285.698137188352

-51.63182764544 340.818585708544
3.65388426752 347.200952305152
5.36375164928 325.152775794688
-48.78204867584 319.350623619072
-51.63182764544 340.818585708544
