255.00438892544 306.459102312960
272.67301849088 307.619580564992
272.67301849088 306.459102312960
278.37257642496 243.213025869824
260.70394684416 242.052547188224
255.00438892544 306.459102312960

170.08097577984 583.813184790016
191.73929590784 587.294613980672
194.01911908864 587.874852171264
198.57876542464 559.443178498048
209.40792548864 449.197869357568
186.03973798400 446.876914730496
177.49040108544 531.011500184064
173.50071053312 568.146752564224
171.22088736256 575.109611504128
170.08097577984 583.813184790016

201.42854438400 302.397428368896
219.66712976384 303.55790664704
225.36668768768 239.731589803008
207.12810231808 238.571111098880
201.42854438400 302.397428368896

