-47.25187930112 226.038876754432
34.25179906560 234.742365181952
35.39171065856 212.693526985216
-44.97205613568 204.570270103552
-47.25187930112 226.038876754432

183.01026100736 -17.078742346240
185.29008416768 -16.498508962816
327.20907660288 9.031758061056
356.84677782528 14.253857672704
360.26651258368 -2.572908303872
355.70686624256 -3.733374982656
357.98668941312 -19.979909299712
303.8408890880 -34.485744794112
295.8615079936 -36.806678583296
290.73190585856 -37.967145488896
287.88212688384 -24.621776526848
188.13986313728 -43.769480141312
183.01026100736 -17.078742346240
