202.95871375872 88.610571616768
271.92336468480 90.351311631872
273.06327627776 74.684650846208
204.66858113024 72.943910670848
204.09862534144 78.166131141632
202.95871375872 88.610571616768

140.83353233920 495.363016216064
147.67300185088 500.585224022528
180.16048204288 502.906205219328
179.59052625408 509.869148624384
186.42999576064 510.449393895424
205.23853692928 513.930865482752
205.23853692928 517.412336997888
263.37402780160 529.017241551360
264.51393938944 529.017241551360
268.50362993152 510.449393895424
266.2238067712 509.869148624384
141.97344392704 486.659336191488
140.83353233920 495.363016216064

