302.34158148608 179.746904305664
320.5801668608 186.710085891072
338.81875223040 140.869135333888
320.01021106688 133.325686617600
302.34158148608 179.746904305664

261.30476440064 59.051712557568
345.08826594816 79.941270965760
355.34747022336 79.941270965760
367.31654187008 53.82932256256
270.9940128768 27.137104590336
261.30476440064 59.051712557568

245.91595799040 299.861747598848
323.99990161408 309.726247952384
327.9895921664 284.774863621632
249.90564855296 274.330097025024
245.91595799040 299.861747598848

