411.47940455424 81.721999430144
513.50149146624 106.672458994688
528.32034207744 44.586425085440
425.7282993664 20.796443611648
411.47940455424 81.721999430144

191.59045965824 494.912754243072
217.23847034368 500.134931361280
235.47705570816 408.45668805632
231.48736516608 407.876445857792
210.3990008320 403.814750403584
191.59045965824 494.912754243072

382.52565026816 549.455485331968
402.47410301952 554.097419103744
403.04405880832 554.097419103744
426.41224631296 451.974847540224
405.8938377728 446.752668976128
401.90414722048 464.740172259328
382.52565026816 549.455485331968
