104.94846788096 418.215048502272
160.46216209920 435.970301354496
172.37423816704 398.719082502656
116.86054393344 380.963825852928
104.94846788096 418.215048502272

54.79235810304 311.335350949376
322.50059401216 400.169675283968
374.19558441984 244.375941338112
308.87865055744 222.675052632576
284.65552936448 295.610916515328
158.9232814592 253.891838206464
183.26039381504 180.549790372352
128.31665537536 161.576011895296
92.46643600384 269.442205140992
71.0360982016 262.363306931712
54.79235810304 311.335350949376

432.50206203392 124.034615363584
532.24432578048 156.527942044160
538.51383950848 136.219613578752
441.62135472128 104.306521207808
439.34153155072 103.726283109888
432.50206203392 124.034615363584

