192.55067323392 333.045565747712
245.55656198144 389.910654060032
256.38572203520 379.466047395328
263.79514734080 372.502975936512
255.24581044736 363.218880227328
209.64934701568 317.378650396672
192.55067323392 333.045565747712

5.03521738752 164.771216006656
26.69353751040 191.463020268032
41.51238813184 179.857888484352
77.41960307712 225.698154526208
105.34743693312 204.228664337920
43.7922113024 135.178123890688
5.03521738752 164.771216006656

145.24434243072 381.206815218176
179.44168999424 422.404981900800
206.22961226240 454.899303675392
236.43726928384 429.368051363328
175.45199945216 355.675552098304
145.24434243072 381.206815218176

