102.88791575040 260.813490906112
115.42694319104 299.111193715712
161.02340661760 284.024220886528
174.70234565632 279.382075138560
265.3253167104 249.788393082368
279.57421153792 245.146246419968
370.19718259712 214.972290096640
384.44607741952 210.330142503424
474.49909270016 180.156180142592
489.31794330624 176.094300195328
579.37095858176 145.920331898368
593.61985340928 140.697913777152
683.67286866944 111.104208126464
697.92176349184 106.462057766400
788.54473455104 76.288077393408
802.79362937856 71.645926101504
892.84664465408 42.05220870656
908.23545106432 37.410056503808
952.12204710912 22.323060980224
939.5830196736 -16.554971967488
102.88791575040 260.813490906112

134.80544015872 4.914987601408
147.34446758912 43.212746738688
192.9409310208 28.125751720448
207.18982583808 23.483599145984
297.24284111872 -6.110126439936
311.49173593088 -10.75227993088
402.11470700032 -40.926280633856
416.3636018176 -45.568435052032
506.41661708800 -75.162172383744
520.66551191040 -79.804327716352
611.28848297984 -109.978340396544
625.53737780224 -114.620496655872
716.16034887168 -144.214245733888
730.40924368384 -148.85640290816
820.46225895424 -178.450157809664
834.71115377664 -183.672585667072
880.30761721344 -198.179330540032
867.7685897728 -237.057412764672
134.80544015872 4.914987601408

84.07937457664 204.527457841152
96.61840203264 242.825173040128
933.31350594048 -34.543318509568
920.77447851008 -72.841094764032
84.07937457664 204.527457841152

