134.80544015872 516.914987601408
147.34446758912 555.212746738688
192.9409310208 540.125751720448
207.18982583808 535.483599145984
297.24284111872 505.889873560064
311.49173593088 501.24772006912
402.11470700032 471.073719366144
416.3636018176 466.431564947968
506.41661708800 436.837827616256
520.66551191040 432.195672283648
611.28848297984 402.021659603456
625.53737780224 397.379503344128
716.16034887168 367.785754266112
730.40924368384 363.14359709184
820.46225895424 333.549842190336
834.71115377664 328.327414332928
880.30761721344 313.820669459968
867.7685897728 274.942587235328
134.80544015872 516.914987601408

116.56685476864 460.0486024192
129.10588222464 498.926643277824
861.49907604992 256.954217894400
848.96004860416 218.656393100800
803.93354096128 233.74341599744
789.6846461440 238.385576623104
699.63163087360 267.979347711488
685.38273605120 272.621507425792
594.759764992 302.795542547968
580.5108701696 307.437701331968
489.31794330624 337.031460675584
474.49909270016 342.253888270848
385.01603321856 371.847641691648
370.76713839104 376.489798633472
280.14416732672 406.083546231296
265.89527250944 410.725702260224
175.84225722880 440.31944403456
161.59336241664 445.541868528128
116.56685476864 460.0486024192

