185.53150570496 321.732557096448
225.42841121280 333.917792193024
244.23695238144 264.868115375616
204.34004686848 252.102625905664
185.53150570496 321.732557096448

236.82752706048 443.584869691904
257.34593562112 449.967607524864
284.70381366272 354.806764659200
264.18540512768 347.843774115328
236.82752706048 443.584869691904

276.72443256832 457.510842843648
296.10292953088 464.473829002752
324.03076338688 368.152495758848
304.08231062528 362.350004102656
276.72443256832 457.510842843648

217.44903010816 436.621882696704
236.82752706048 443.584869691904
264.18540512768 347.843774115328
244.80690817024 341.461032539648
217.44903010816 436.621882696704
