66.41074499584 98.254365829632
71.54034714624 104.637210171904
142.21486545408 185.873390453248
161.59336241664 167.305124017664
86.35919775744 80.846607340032
66.41074499584 98.254365829632

-31.05169558016 216.627077382144
34.49322060288 291.480368144896
53.87171755520 274.652886979072
-12.24315440640 200.379847230464
-31.05169558016 216.627077382144

127.39601484288 41.969273764352
146.20455600640 62.278329700864
204.91000267776 127.847551264256
220.86876486656 112.760829906944
144.49468862464 25.141768479744
127.39601484288 41.969273764352
