2.57569619968 288.471688413184
96.61840203264 308.780058811392
101.17804836864 286.730970841088
7.13534255104 265.842358609408
2.57569619968 288.471688413184

375.32678474240 18.660257070592
455.69055153664 23.882417769984
456.83046310912 2.993774027264
376.46669632512 -2.808627456512
375.32678474240 18.660257070592

247.08673134592 336.051295332352
248.22664292864 336.051295332352
350.8186856448 347.656075537920
352.52855302144 330.829143988224
353.09850881024 325.606992488448
249.9365103104 315.162689017856
247.08673134592 336.051295332352

-107.99572760576 306.459102312960
-87.47731907072 311.101015276032
-5.97364069376 328.508187785728
2.57569619968 288.471688413184
7.13534255104 265.842358609408
-36.751253504 257.138769444864
-95.45670016512 246.114222540288
-107.99572760576 306.459102312960
