260.58597235200 597.163660174848
275.40482296832 643.584890713088
544.99391299072 553.643745299968
563.23249837568 547.260823536128
892.66694663680 438.170851742208
877.27814023680 392.329832550912
848.21039480832 401.614090577408
829.40185363456 347.069067575808
272.55504400896 532.754182294016
290.79362937856 587.299147091456
260.58597235200 597.163660174848

-14.13271979520 423.664201406976
0.68613080576 469.50521234432
269.13530925568 380.144243138048
287.94385041920 373.761315011584
526.75532762112 294.264826891776
544.99391299072 287.881895611904
813.44309143552 198.52083313152
798.62424081408 152.679750803968
768.98653959168 162.544288528384
750.74795421184 107.999190582784
-2.73360394752 358.674393051648
14.93502564352 413.799678487040
-14.13271979520 423.664201406976
