218.97919947264 482.373277017600
302.76270103040 495.718880643072
309.60217055232 453.941335446016
305.04252420096 452.780847937536
307.32234737152 437.694509608448
311.88199371264 438.854997218304
314.73177268224 419.706950662656
310.17212633600 419.126706793984
312.4519495168 403.460121632256
317.01159585792 404.040365553664
323.28110956544 362.262798367232
239.49760801792 348.336940412928
233.2280943104 390.694754902528
237.21778485248 391.855242825216
235.50791747584 407.521829030912
230.94827112960 406.941585123840
227.52853636608 425.509389236736
232.08818272256 426.089633082880
229.80835955200 441.756216210432
225.24871319552 440.59572861952
218.97919947264 482.373277017600

