260.58597235200 85.163660174848
275.40482296832 131.584890713088
544.99391299072 41.643745299968
563.23249837568 35.260823536128
892.66694663680 -73.829148257792
877.27814023680 -119.670167449088
848.21039480832 -110.385909422592
829.40185363456 -164.930932424192
272.55504400896 20.754182294016
290.79362937856 75.299147091456
260.58597235200 85.163660174848

322.71115377664 268.527448645120
337.53000439296 314.36836557312
367.16770563072 304.503865481728
373.43721933824 324.232865105408
384.8363352064 359.629005881856
623.64781241344 280.132745211904
641.88639777792 274.330097025024
940.54323323904 175.104783094272
922.87460366848 119.979584239104
952.5123048960 110.115073128448
937.69345427968 64.27410239488
609.39891759104 173.363987607552
591.16033222144 179.746904305664
322.71115377664 268.527448645120
