-409.11208424960 260.813490906112
-396.57305680896 299.111193715712
-350.97659338240 284.024220886528
-337.29765434368 279.382075138560
-246.6746832896 249.788393082368
-232.42578846208 245.146246419968
-141.80281740288 214.972290096640
-127.55392258048 210.330142503424
-37.50090729984 180.156180142592
-22.68205669376 176.094300195328
67.37095858176 145.920331898368
81.61985340928 140.697913777152
171.67286866944 111.104208126464
185.92176349184 106.462057766400
276.54473455104 76.288077393408
290.79362937856 71.645926101504
380.84664465408 42.05220870656
396.23545106432 37.410056503808
440.12204710912 22.323060980224
427.5830196736 -16.554971967488
-409.11208424960 260.813490906112

-427.92062542336 204.527457841152
-415.38159796736 242.825173040128
421.31350594048 -34.543318509568
408.77447851008 -72.841094764032
-427.92062542336 204.527457841152

