-409.11208424960 772.813490906112
-396.57305680896 811.111193715712
-350.97659338240 796.024220886528
-337.29765434368 791.382075138560
-246.6746832896 761.788393082368
-232.42578846208 757.146246419968
-141.80281740288 726.972290096640
-127.55392258048 722.330142503424
-37.50090729984 692.156180142592
-22.68205669376 688.094300195328
67.37095858176 657.920331898368
81.61985340928 652.697913777152
171.67286866944 623.104208126464
185.92176349184 618.462057766400
276.54473455104 588.288077393408
290.79362937856 583.645926101504
380.84664465408 554.05220870656
396.23545106432 549.410056503808
440.12204710912 534.323060980224
427.5830196736 495.445028032512
-409.11208424960 772.813490906112

-377.19455984128 516.914987601408
-364.65553241088 555.212746738688
-319.0590689792 540.125751720448
-304.81017416192 535.483599145984
-214.75715888128 505.889873560064
-200.50826406912 501.24772006912
-109.88529299968 471.073719366144
-95.6363981824 466.431564947968
-5.58338291200 436.837827616256
8.66551191040 432.195672283648
99.28848297984 402.021659603456
113.53737780224 397.379503344128
204.16034887168 367.785754266112
218.40924368384 363.14359709184
308.46225895424 333.549842190336
322.71115377664 328.327414332928
368.30761721344 313.820669459968
355.7685897728 274.942587235328
-377.19455984128 516.914987601408

-395.43314523136 460.0486024192
-382.89411777536 498.926643277824
349.49907604992 256.954217894400
336.96004860416 218.656393100800
291.93354096128 233.74341599744
277.6846461440 238.385576623104
187.63163087360 267.979347711488
173.38273605120 272.621507425792
82.759764992 302.795542547968
68.5108701696 307.437701331968
-22.68205669376 337.031460675584
-37.50090729984 342.253888270848
-126.98396678144 371.847641691648
-141.23286160896 376.489798633472
-231.85583267328 406.083546231296
-246.10472749056 410.725702260224
-336.15774277120 440.31944403456
-350.40663758336 445.541868528128
-395.43314523136 460.0486024192

-427.92062542336 716.527457841152
-415.38159796736 754.825173040128
421.31350594048 477.456681490432
408.77447851008 439.158905235968
-427.92062542336 716.527457841152
