-251.41402764800 85.163660174848
-236.59517703168 131.584890713088
32.99391299072 41.643745299968
51.23249837568 35.260823536128
380.66694663680 -73.829148257792
365.27814023680 -119.670167449088
336.21039480832 -110.385909422592
317.40185363456 -164.930932424192
-239.44495599104 20.754182294016
-221.20637062144 75.299147091456
-251.41402764800 85.163660174848

-189.28884622336 268.527448645120
-174.46999560704 314.36836557312
-144.83229436928 304.503865481728
-138.56278066176 324.232865105408
-127.1636647936 359.629005881856
111.64781241344 280.132745211904
129.88639777792 274.330097025024
428.54323323904 175.104783094272
410.87460366848 119.979584239104
440.5123048960 110.115073128448
425.69345427968 64.27410239488
97.39891759104 173.363987607552
79.16033222144 179.746904305664
-189.28884622336 268.527448645120
