-251.41402764800 597.163660174848
-236.59517703168 643.584890713088
32.99391299072 553.643745299968
51.23249837568 547.260823536128
380.66694663680 438.170851742208
365.27814023680 392.329832550912
336.21039480832 401.614090577408
317.40185363456 347.069067575808
-239.44495599104 532.754182294016
-221.20637062144 587.299147091456
-251.41402764800 597.163660174848

459.32084605952 164.285089243648
474.70965246976 213.027502240256
504.91730948096 202.582700603392
523.72585065472 260.609368423936
821.24277452288 161.964021617664
828.08224403968 159.642953960448
1079.43274868736 75.504230488064
1067.46367704064 37.786858481664
1089.12199716352 30.823650448896
1086.8421740032 23.860442138112
1094.2515993088 21.539372637696
1074.30314655744 -40.549247959552
805.85396811264 48.811937299456
812.12348184576 69.121291186688
793.88489647104 74.923963289088
787.04542694912 55.194877347328
459.32084605952 164.285089243648

-526.13271979520 423.664201406976
-511.31386919424 469.50521234432
-242.86469074432 380.144243138048
-224.05614958080 373.761315011584
14.75532762112 294.264826891776
32.99391299072 287.881895611904
301.44309143552 198.52083313152
286.62424081408 152.679750803968
256.98653959168 162.544288528384
238.74795421184 107.999190582784
-514.73360394752 358.674393051648
-497.06497435648 413.799678487040
-526.13271979520 423.664201406976
