125.14705342976 -53.111936246272
180.4327653376 115.746358365184
349.13968003072 60.040547329536
293.85396811264 -108.817801348608
125.14705342976 -53.111936246272

-52.67915394048 676.285089243648
-37.29034753024 725.027502240256
-7.08269051904 714.582700603392
11.72585065472 772.609368423936
309.24277452288 673.964021617664
316.08224403968 671.642953960448
567.43274868736 587.504230488064
555.46367704064 549.786858481664
577.12199716352 542.823650448896
574.8421740032 535.860442138112
582.2515993088 533.539372637696
562.30314655744 471.450752040448
293.85396811264 560.811937299456
300.12348184576 581.121291186688
281.88489647104 586.923963289088
275.04542694912 567.194877347328
-52.67915394048 676.285089243648

259.65662053888 275.320197508608
296.13379129344 386.151396022272
328.62127148544 375.126306138624
495.048363008 320.000846239744
486.49902610432 293.888780192768
459.14114804736 209.169605586944
259.65662053888 275.320197508608

35.09403815936 379.188181441536
46.49315401728 414.004251565568
60.74204882944 409.362109283840
77.27076683776 458.684864685056
276.75529434112 391.954074627584
240.84807939072 281.703148029440
41.36355187200 347.273444372992
50.4828445696 374.54603823104
35.09403815936 379.188181441536

