-52.67915394048 164.285089243648
-37.29034753024 213.027502240256
-7.08269051904 202.582700603392
11.72585065472 260.609368423936
309.24277452288 161.964021617664
316.08224403968 159.642953960448
567.43274868736 75.504230488064
555.46367704064 37.786858481664
577.12199716352 30.823650448896
574.8421740032 23.860442138112
582.2515993088 21.539372637696
562.30314655744 -40.549247959552
293.85396811264 48.811937299456
300.12348184576 69.121291186688
281.88489647104 74.923963289088
275.04542694912 55.194877347328
-52.67915394048 164.285089243648
