412.5670484992 21.041582272512
439.35497075712 61.079320187904
465.00298143232 43.091352117760
470.70253937664 51.795207866880
495.78059426304 90.092167993344
704.95437023744 -50.910317701632
679.30635955712 -90.367823863808
695.83507755008 -101.392716890112
722.62299981824 -61.935208229376
847.44331846144 -147.233069061632
931.22682000896 -204.098332839424
928.94699682816 -208.160138105856
977.96319501824 -241.234841658368
963.71430020096 -262.704389435904
967.13403495424 -265.025421787136
950.03536117248 -288.235746993664
924.95730627584 -270.247744688640
898.16938400768 -309.125042326016
847.44331846144 -274.889809622016
663.34759734784 -148.973842168320
685.57587327488 -116.479413740032
669.61711108096 -105.454519758848
647.95879094784 -138.529203798016
412.5670484992 21.041582272512

