412.5670484992 533.041582272512
439.35497075712 573.079320187904
465.00298143232 555.091352117760
470.70253937664 563.795207866880
495.78059426304 602.092167993344
704.95437023744 461.089682298368
679.30635955712 421.632176136192
695.83507755008 410.607283109888
722.62299981824 450.064791770624
847.44331846144 364.766930938368
931.22682000896 307.901667160576
928.94699682816 303.839861894144
977.96319501824 270.765158341632
963.71430020096 249.295610564096
967.13403495424 246.974578212864
950.03536117248 223.764253006336
924.95730627584 241.752255311360
898.16938400768 202.874957673984
847.44331846144 237.110190377984
663.34759734784 363.026157831680
685.57587327488 395.520586259968
669.61711108096 406.545480241152
647.95879094784 373.470796201984
412.5670484992 533.041582272512
