-564.67915394048 164.285089243648
-549.29034753024 213.027502240256
-519.08269051904 202.582700603392
-500.27414934528 260.609368423936
-202.75722547712 161.964021617664
-195.91775596032 159.642953960448
55.43274868736 75.504230488064
43.46367704064 37.786858481664
65.12199716352 30.823650448896
62.8421740032 23.860442138112
70.2515993088 21.539372637696
50.30314655744 -40.549247959552
-218.14603188736 48.811937299456
-211.87651815424 69.121291186688
-230.11510352896 74.923963289088
-236.95457305088 55.194877347328
-564.67915394048 164.285089243648
