-564.67915394048 676.285089243648
-549.29034753024 725.027502240256
-519.08269051904 714.582700603392
-500.27414934528 772.609368423936
-202.75722547712 673.964021617664
-195.91775596032 671.642953960448
55.43274868736 587.504230488064
43.46367704064 549.786858481664
65.12199716352 542.823650448896
62.8421740032 535.860442138112
70.2515993088 533.539372637696
50.30314655744 471.450752040448
-218.14603188736 560.811937299456
-211.87651815424 581.121291186688
-230.11510352896 586.923963289088
-236.95457305088 567.194877347328
-564.67915394048 676.285089243648
