-99.4329515008 533.041582272512
-72.64502924288 573.079320187904
-46.99701856768 555.091352117760
-41.29746062336 563.795207866880
-16.21940573696 602.092167993344
192.95437023744 461.089682298368
167.30635955712 421.632176136192
183.83507755008 410.607283109888
210.62299981824 450.064791770624
335.44331846144 364.766930938368
419.22682000896 307.901667160576
416.94699682816 303.839861894144
465.96319501824 270.765158341632
451.71430020096 249.295610564096
455.13403495424 246.974578212864
438.03536117248 223.764253006336
412.95730627584 241.752255311360
386.16938400768 202.874957673984
335.44331846144 237.110190377984
151.34759734784 363.026157831680
173.57587327488 395.520586259968
157.61711108096 406.545480241152
135.95879094784 373.470796201984
-99.4329515008 533.041582272512

435.4135645184 -16.636872365056
442.25303402496 -6.772470150656
462.20148678656 22.820733139968
687.3340249600 -130.367667692032
896.50780094464 -272.531266351616
875.98939240448 -302.124519854592
869.71987868160 -311.988938808832
435.4135645184 -16.636872365056

42.03007629312 700.213583446528
56.84892690432 721.683075609088
69.95791014400 712.979227755008
109.28485984768 770.424615555584
344.67660229632 610.273790201344
391.98293310464 578.359658848768
377.73403828224 556.890149009920
364.05509925376 565.594004668928
344.67660229632 536.581150777856
325.86806112768 508.148549273088
42.03007629312 700.213583446528

414.32520018432 429.813806825472
641.73756153856 769.264102858752
663.39588166144 754.757693489152
657.69632374784 746.053847288320
662.25597007360 742.572308685312
659.40619110912 738.510513562624
711.84212405760 703.114866324992
494.11901118976 375.849852631552
483.85980691456 362.503925895168
462.77144258048 377.010367951872
471.89073526272 390.936551190016
414.32520018432 429.813806825472
