404.06599591936 447.201626439168
430.85391817728 486.659242863104
638.31782678528 344.495729986048
615.5195950592 310.260417701376
612.66981609984 305.618340940288
404.06599591936 447.201626439168

435.4135645184 495.363127634944
442.25303402496 505.227529849344
462.20148678656 534.820733139968
687.3340249600 381.632332307968
896.50780094464 239.468733648384
875.98939240448 209.875480145408
869.71987868160 200.011061191168
435.4135645184 495.363127634944

94.46600923136 26.107065841664
129.46129491456 78.040375942656
616.54551548928 -249.981115507712
590.38454459904 -288.858637340672
564.45155602432 -271.392764517888
531.79308909056 -319.786582551552
96.57484566528 -26.638624748544
117.32123652096 4.057164129792
98.39870419968 16.76487098368
101.47646547968 21.348929393664
94.46600923136 26.107065841664

180.81431184384 153.242102545920
341.65583660032 379.311294893568
414.55318249472 327.436100637184
253.65466217984 101.424866939392
180.81431184384 153.242102545920

