-99.4329515008 21.041582272512
-72.64502924288 61.079320187904
-46.99701856768 43.091352117760
-41.29746062336 51.795207866880
-16.21940573696 90.092167993344
192.95437023744 -50.910317701632
167.30635955712 -90.367823863808
183.83507755008 -101.392716890112
210.62299981824 -61.935208229376
335.44331846144 -147.233069061632
419.22682000896 -204.098332839424
416.94699682816 -208.160138105856
465.96319501824 -241.234841658368
451.71430020096 -262.704389435904
455.13403495424 -265.025421787136
438.03536117248 -288.235746993664
412.95730627584 -270.247744688640
386.16938400768 -309.125042326016
335.44331846144 -274.889809622016
151.34759734784 -148.973842168320
173.57587327488 -116.479413740032
157.61711108096 -105.454519758848
135.95879094784 -138.529203798016
-99.4329515008 21.041582272512

275.711951360 260.919717826048
375.45421511168 408.885021233152
473.08764242944 343.083995953152
469.09795187712 337.107358386688
487.27954166784 324.863954573312
491.04124990464 330.434413286912
523.07276546048 308.848884779520
457.24287138816 211.075691226112
451.60030903808 214.905384113152
439.28926391296 196.627303663104
444.93182626304 192.855636029952
423.21651055104 160.651393679872
325.64007880704 226.394462271488
329.5727737856 232.197026710016
311.33418841088 244.498462677504
307.8574580736 239.276155061248
275.711951360 260.919717826048

42.03007629312 188.213583446528
56.84892690432 209.683075609088
69.95791014400 200.979227755008
109.28485984768 258.424615555584
344.67660229632 98.273790201344
391.98293310464 66.359658848768
377.73403828224 44.890149009920
364.05509925376 53.594004668928
344.67660229632 24.581150777856
325.86806112768 -3.851450726912
42.03007629312 188.213583446528
