493.08437948928 411.587202276352
515.99660236288 453.888345301504
1087.71925817344 144.143935193600
1064.80703531008 101.842716877824
1035.85328101888 117.567862337024
521.06920891392 396.442346101248
493.08437948928 411.587202276352

477.98055097344 336.791328885248
500.77878267904 377.989990819328
777.20734222336 227.701867078144
754.97906631168 186.503169566208
477.98055097344 336.791328885248

137.48896031232 242.904764260352
290.92105975808 530.947191219712
375.67348615168 485.802781108224
222.24138672640 197.760279433216
137.48896031232 242.904764260352

53.36348529664 85.537306250752
74.45184963072 125.575500434944
536.68599764480 -124.518298240512
515.02767751680 -164.556549965312
53.36348529664 85.537306250752

108.64919719424 122.674182327808
113.77879933952 132.538663702528
130.87747312128 163.872894951424
537.25595343360 -56.627370714624
520.1572796416 -87.96164166656
515.02767751680 -97.826135540736
108.64919719424 122.674182327808
