240.02400744960 412.986339033088
257.69263704064 419.949429349888
274.79131082240 426.332261897728
342.616050176 256.316733235712
376.81339774976 171.018777463808
342.616050176 156.512318242304
291.32002881024 284.169117906432
240.02400744960 412.986339033088

307.39278217216 96.57161591808
315.37216326656 100.053167441408
342.73004132864 111.078080135168
427.08349866496 -101.876935969280
444.7521282560 -144.816126092288
426.51354287616 -152.359498423808
409.9848248832 -159.322611636736
307.39278217216 96.57161591808

-97.67479981568 429.813806825472
129.73756153856 769.264102858752
151.39588166144 754.757693489152
145.69632374784 746.053847288320
150.25597007360 742.572308685312
147.40619110912 738.510513562624
199.84212405760 703.114866324992
-17.88098881024 375.849852631552
-28.14019308544 362.503925895168
-49.22855741952 377.010367951872
-40.10926473728 390.936551190016
-97.67479981568 429.813806825472

188.3860126208 391.922989125632
205.48468641280 398.886080286208
223.15331597824 405.849171168256
325.74535870464 149.955398276608
290.97805534208 136.029195762176
233.41252026368 278.772718725632
188.3860126208 391.922989125632

357.60588751360 117.635001564672
384.39380978176 128.659913146880
391.80323509760 132.141464027648
493.82532201472 -124.332970563584
459.05801865216 -138.259195021824
357.60588751360 117.635001564672

