287.04536037376 26.556838936064
416.42532534272 269.107713492480
446.06302657024 252.860297054720
452.90249607680 249.378707618304
324.09248690176 6.827805563904
317.25301738496 10.309399851008
287.04536037376 26.556838936064

53.36348529664 597.537306250752
74.45184963072 637.575500434944
536.68599764480 387.481701759488
515.02767751680 347.443450034688
53.36348529664 597.537306250752

-206.5363562496 109.534807751168
-184.30808032256 151.313909942272
-182.59821295616 150.153379460096
277.35611188224 -98.780587585536
254.55788017152 -141.140016034304
-182.59821295616 96.188703548928
-206.5363562496 109.534807751168

108.64919719424 634.674182327808
113.77879933952 644.538663702528
130.87747312128 675.872894951424
537.25595343360 455.372629285376
520.1572796416 424.03835833344
515.02767751680 414.173864459264
108.64919719424 634.674182327808

240.30898535424 52.088525863424
369.68895032832 294.059100071936
385.07775673344 285.935393204224
406.16612107264 274.330097025024
277.35611188224 32.359495385088
255.69779175424 43.964807703040
240.30898535424 52.088525863424
