418.13519272448 191.517103420928
440.93342444544 233.876201645568
902.59761666048 -15.636443239936
879.7993849344 -58.575864716288
418.13519272448 191.517103420928

363.98939240448 156.121136724480
386.21766833152 197.319720225792
635.2883497984 62.698960538624
613.06007387648 20.920082911744
363.98939240448 156.121136724480

137.48896031232 -269.095235739648
290.92105975808 18.947191219712
375.67348615168 -26.197218891776
222.24138672640 -314.239720566784
137.48896031232 -269.095235739648

-417.53399076864 538.107065841664
-382.53870508544 590.040375942656
104.54551548928 262.018884492288
78.38454459904 223.141362659328
52.45155602432 240.607235482112
19.79308909056 192.213417448448
-415.42515433472 485.361375251456
-394.67876347904 516.057164129792
-413.60129580032 528.76487098368
-410.52353452032 533.348929393664
-417.53399076864 538.107065841664
