116.62857830912 294.013148496896
120.04831306240 299.235485190656
143.41650056704 334.051059154944
352.02032075776 192.467681614848
325.2323984896 152.42973838848
116.62857830912 294.013148496896

-107.93400408064 447.201626439168
-81.14608182272 486.659242863104
126.31782678528 344.495729986048
103.5195950592 310.260417701376
100.66981609984 305.618340940288
-107.93400408064 447.201626439168

-76.5864354816 495.363127634944
-69.74696597504 505.227529849344
-49.79851321344 534.820733139968
175.3340249600 381.632332307968
384.50780094464 239.468733648384
363.98939240448 209.875480145408
357.71987868160 200.011061191168
-76.5864354816 495.363127634944

307.39278217216 608.57161591808
315.37216326656 612.053167441408
342.73004132864 623.078080135168
427.08349866496 410.123064030720
444.7521282560 367.183873907712
426.51354287616 359.640501576192
409.9848248832 352.677388363264
307.39278217216 608.57161591808

357.60588751360 629.635001564672
384.39380978176 640.659913146880
391.80323509760 644.141464027648
493.82532201472 387.667029436416
459.05801865216 373.740804978176
357.60588751360 629.635001564672
