-236.288048640 260.919717826048
-136.54578488832 408.885021233152
-38.91235757056 343.083995953152
-42.90204812288 337.107358386688
-24.72045833216 324.863954573312
-20.95875009536 330.434413286912
11.07276546048 308.848884779520
-54.75712861184 211.075691226112
-60.39969096192 214.905384113152
-72.71073608704 196.627303663104
-67.06817373696 192.855636029952
-88.78348944896 160.651393679872
-186.35992119296 226.394462271488
-182.4272262144 232.197026710016
-200.66581158912 244.498462677504
-204.1425419264 239.276155061248
-236.288048640 260.919717826048

-97.67479981568 -82.186193174528
129.73756153856 257.264102858752
151.39588166144 242.757693489152
145.69632374784 234.053847288320
150.25597007360 230.572308685312
147.40619110912 226.510513562624
199.84212405760 191.114866324992
-17.88098881024 -136.150147368448
-28.14019308544 -149.496074104832
-49.22855741952 -134.989632048128
-40.10926473728 -121.063448809984
-97.67479981568 -82.186193174528
