468.86125828608 253.646169307648
473.99086042112 264.090967876096
491.65949000192 296.005626290688
1246.85091554304 -114.243246960128
1224.05268383744 -156.602803817472
468.86125828608 253.646169307648

413.00559058944 216.509102647808
436.94373388288 260.609368423936
741.87008306176 94.653046992384
719.07185134592 52.87380826624
413.00559058944 216.509102647808

32.27512095232 424.824733479424
55.07335266816 468.344680570368
222.64035577344 377.242912200192
216.37084205568 365.637587963904
199.27216826368 334.303208659456
32.27512095232 424.824733479424

-207.1063120384 554.224010903040
-183.16816874496 597.743925633024
-182.59821295616 597.163660174848
38.5446346752 477.048668684288
15.17644717056 434.108989772288
-182.59821295616 540.877901539328
-207.1063120384 554.224010903040

-206.5363562496 621.534807751168
-184.30808032256 663.313909942272
-182.59821295616 662.153379460096
277.35611188224 413.219412414464
254.55788017152 370.859983965696
-182.59821295616 608.188703548928
-206.5363562496 621.534807751168

