382.04827976192 404.515421110784
403.70659989504 444.553777509376
654.4871487488 312.253086506496
632.258872832 269.893633478144
382.04827976192 404.515421110784

-43.13874171392 253.646169307648
-38.00913957888 264.090967876096
-20.34050999808 296.005626290688
734.85091554304 -114.243246960128
712.05268383744 -156.602803817472
-43.13874171392 253.646169307648

-98.99440941056 216.509102647808
-75.05626611712 260.609368423936
229.87008306176 94.653046992384
207.07185134592 52.87380826624
-98.99440941056 216.509102647808

223.60056935424 44.169798935040
246.39880106496 85.949039751680
468.68156027904 -34.746572199424
445.88332857344 -77.106109705728
223.60056935424 44.169798935040

435.05416849920 438.170851742208
441.89363801600 450.936703041024
459.5622675968 483.431593022976
921.22645980672 233.917103628288
904.12778602496 201.422167049728
898.42822810112 190.977364719616
676.14546888192 311.092553682944
435.05416849920 438.170851742208

