-93.86480727552 703.517103420928
-71.06657555456 745.876201645568
390.59761666048 496.363556760064
367.7993849344 453.424135283712
-93.86480727552 703.517103420928

-18.91562051072 411.587202276352
3.99660236288 453.888345301504
575.71925817344 144.143935193600
552.80703531008 101.842716877824
523.85328101888 117.567862337024
9.06920891392 396.442346101248
-18.91562051072 411.587202276352

260.07774009344 176.638691249664
282.30601601024 218.417654404608
504.01881943552 98.303108295168
482.3604993024 56.524116302336
260.07774009344 176.638691249664

118.72870345728 523.055624229376
141.52693517312 564.834504225792
390.59761666048 429.633370176000
368.36934073344 388.434720465408
118.72870345728 523.055624229376

-34.01944902656 336.791328885248
-11.22121732096 377.989990819328
265.20734222336 227.701867078144
242.97906631168 186.503169566208
-34.01944902656 336.791328885248

