-43.13874171392 765.646169307648
-38.00913957888 776.090967876096
-20.34050999808 808.005626290688
734.85091554304 397.756753039872
712.05268383744 355.397196182528
-43.13874171392 765.646169307648

462.98200235008 425.609606725632
485.78023405568 467.388878891008
735.42087133184 332.186475722240
712.62263962624 290.407171090432
462.98200235008 425.609606725632

223.60056935424 556.169798935040
246.39880106496 597.949039751680
468.68156027904 477.253427800576
445.88332857344 434.893890294272
223.60056935424 556.169798935040

