-129.95172023808 404.515421110784
-108.29340010496 444.553777509376
142.4871487488 312.253086506496
120.258872832 269.893633478144
-129.95172023808 404.515421110784

-555.13874171392 253.646169307648
-550.00913957888 264.090967876096
-532.34050999808 296.005626290688
222.85091554304 -114.243246960128
200.05268383744 -156.602803817472
-555.13874171392 253.646169307648

137.35754660864 260.609368423936
159.58582253056 302.968823710208
390.41791864320 178.211494350848
394.40760919552 185.754963317248
406.94663663616 179.372028059136
413.78610614272 175.890426910208
428.60495676928 168.346957516288
410.93632719872 133.530940684800
401.24707870208 117.283463781888
386.42822810112 125.407202423296
137.35754660864 260.609368423936

-76.94583150080 438.170851742208
-70.10636198400 450.936703041024
-52.4377324032 483.431593022976
409.22645980672 233.917103628288
392.12778602496 201.422167049728
386.42822810112 190.977364719616
164.14546888192 311.092553682944
-76.94583150080 438.170851742208

