233.34343022080 51.711620634112
261.84121986048 90.939116649984
297.17847902208 64.965760936448
300.59821377536 69.661173500416
316.95594503168 57.774052713472
285.49438526464 14.386051413504
248.67524104704 40.716032231424
233.34343022080 51.711620634112

421.77081534464 339.973969041408
438.527515648 363.985892930048
475.6316377600 337.715421486592
485.20689508352 351.445012512768
515.92751233024 330.999214027264
488.45564310528 289.632122260992
464.17552632832 306.392928475648
465.88539370496 308.77034759680
421.77081534464 339.973969041408

