450.69843579904 58.913147135488
469.33599022592 85.420364058624
553.0055006208 18.201378317312
549.58576586240 13.684451258880
547.9898896384 11.544854166016
547.19195152896 10.475055608320
545.5960753152 8.335458457088
544.79813720064 7.265659867648
543.20226098688 5.12606265344
542.34732728832 4.056264032768
540.75145106944 1.916666764800
539.953512960 0.846868115968
538.35763674624 -1.292729213952
537.5596986368 -2.362527890944
533.22803460608 -7.35492186624
487.74556234240 32.108757897216
452.57928991744 57.249016718336
450.69843579904 58.913147135488
