-61.30156420096 570.913147135488
-42.66400977408 597.420364058624
41.0055006208 530.201378317312
37.58576586240 525.684451258880
35.9898896384 523.544854166016
35.19195152896 522.475055608320
33.5960753152 520.335458457088
32.79813720064 519.265659867648
31.20226098688 517.12606265344
30.34732728832 516.056264032768
28.75145106944 513.916666764800
27.953512960 512.846868115968
26.35763674624 510.707270786048
25.5596986368 509.637472109056
21.22803460608 504.64507813376
-24.25443765760 544.108757897216
-59.42071008256 569.249016718336
-61.30156420096 570.913147135488

