-61.30156420096 58.913147135488
-42.66400977408 85.420364058624
41.0055006208 18.201378317312
37.58576586240 13.684451258880
35.9898896384 11.544854166016
35.19195152896 10.475055608320
33.5960753152 8.335458457088
32.79813720064 7.265659867648
31.20226098688 5.12606265344
30.34732728832 4.056264032768
28.75145106944 1.916666764800
27.953512960 0.846868115968
26.35763674624 -1.292729213952
25.5596986368 -2.362527890944
21.22803460608 -7.35492186624
-24.25443765760 32.108757897216
-59.42071008256 57.249016718336
-61.30156420096 58.913147135488
