257.6282749440 256.944534258176
274.49896640512 284.343567624704
277.4627365376 289.692618932224
279.00161717248 292.545446192640
279.34359064576 293.020917396992
282.59233866240 298.369968302592
334.51531139072 267.167167858688
331.20956780544 261.936983337984
326.76391261184 254.983214915584
312.00205757952 231.685115943424
305.96052617728 229.070022905344
304.76361901056 229.129456837632
298.66509202944 231.387946281984
280.88247129088 242.442657125888
257.6282749440 256.944534258176

402.51103748096 327.730309953024
421.31957864448 356.020834502656
422.63047697920 355.069892615680
491.53813233152 308.176560982528
473.41353811968 280.658665467904
402.51103748096 327.730309953024

-34.5310644736 469.420598469120
51.93122929664 588.466456989696
73.64654500864 572.538211453440
-12.81574877184 453.432902659584
-34.5310644736 469.420598469120

