343.46361734144 35.635464957440
349.39115758592 42.826950777344
357.08556079616 52.158051537408
383.2465316864 83.836241489408
393.84770943488 77.298529455104
384.95639906304 65.114610585088
420.63563169280 36.883574098944
403.70794464768 15.487415522816
401.88408610816 13.407233225728
399.26228946944 10.376110385152
393.04977132544 3.244056326656
377.31899144704 15.665716859904
372.30338045952 19.588346225664
369.11162802688 15.487415522816
362.38614967296 20.717587986432
349.73313106944 30.643028257280
343.46361734144 35.635464957440

-34.5310644736 -42.579401530880
51.93122929664 76.466456989696
73.64654500864 60.538211453440
-12.81574877184 -58.567097340416
-34.5310644736 -42.579401530880

