433.42479195136 528.537621223424
444.367943168 544.64453214208
453.37324470272 556.293809482240
457.64791314944 553.262620084736
461.63760369664 550.409735872000
536.30181257216 494.778479586304
516.46735096832 468.151543994368
436.84452670464 525.565866194432
433.42479195136 528.537621223424

253.20477024768 283.961925845504
272.01331141120 311.361561783808
304.21581369856 287.825215472128
304.15881812992 287.706345024512
305.86868551168 286.577075762688
347.36146723328 256.205671949824
356.82273338880 249.430054349312
342.06087836160 228.627717123584
280.22067483648 272.074880027136
276.85793564672 267.320061357568
253.20477024768 283.961925845504
