326.32138719232 63.649423884800
356.30106190336 103.41042206208
371.9748462080 91.523727482368
382.63301953024 83.440774470144
378.8713113088 78.448362029568
414.83552182784 50.990089744896
412.55569865728 47.958981366784
420.02211953664 42.312798876160
408.62300368896 27.276122055168
401.21357837312 32.981738789888
398.59178173952 29.534595378176
395.34303371264 32.030802687488
385.59678965248 19.252598047744
343.81903004160 50.514621770752
326.32138719232 63.649423884800

-64.38330880512 419.417747714048
-57.0878746624 429.402542822912
-54.75105591296 432.67137436672
-26.42425300992 471.600179260928
-13.31526977024 462.388020515328
6.29120950272 448.480631071744
-15.48110178304 417.753615112704
-2.42911412736 408.482018743808
-8.81261899776 400.101921384960
-10.46549080064 397.962321960448
-17.98890727424 387.145457601024
-64.38330880512 419.417747714048

