46.79764383232 573.283199747072
60.19160496640 593.132925869568
57.11384368640 595.212986790400
55.85994094592 600.621145015808
63.09837951488 611.496891004416
68.51295954432 612.626066759168
71.24874734592 610.783727364096
87.43549186560 634.436985735168
199.08983168512 559.198212371968
183.64402970112 535.544938562048
186.20883076608 533.643167591424
187.12076003840 527.937854495744
180.62326399488 517.894125547008
175.09469280768 516.170645345792
172.01693152256 518.250707657728
158.56597481472 498.222677554688
46.79764383232 573.283199747072

