46.79764383232 61.283199747072
60.19160496640 81.132925869568
57.11384368640 83.212986790400
55.85994094592 88.621145015808
63.09837951488 99.496891004416
68.51295954432 100.626066759168
71.24874734592 98.783727364096
87.43549186560 122.436985735168
199.08983168512 47.198212371968
183.64402970112 23.544938562048
186.20883076608 21.643167591424
187.12076003840 15.937854495744
180.62326399488 5.894125547008
175.09469280768 4.170645345792
172.01693152256 6.250707657728
158.56597481472 -13.777322445312
46.79764383232 61.283199747072
