391.08180448256 193.905051153408
401.62598665216 208.051022544384
444.37267112448 174.944691815936
447.96339260928 179.699641159168
467.74085862912 166.682966862336
470.02068179968 169.65481043968
474.06736793088 166.564093118464
445.68356944896 129.534915687424
446.59549871104 128.583925419520
437.53320159744 113.605827669504
430.35175861248 104.274234039808
414.33600083968 113.843575269888
415.41891684352 116.399361922048
431.2066923008 140.946798282240
405.27370372608 159.847726344192
416.78681074688 175.004128681984
391.08180448256 193.905051153408

