9.42198303744 263.386717466624
15.52051002368 271.52956184064
23.55688669696 281.63382048768
26.29267449856 279.375221572608
28.40151094272 282.049878176768
44.58825544704 302.733887149568
40.37058258944 306.002911215616
62.71284967424 332.808905058304
93.03449785344 308.796440799744
98.33508672512 304.635864799744
101.1848656896 301.723461510656
67.1015092736 249.716247511552
59.63508839424 237.710007340032
34.2150600192 259.998818542080
25.89370545152 249.478500193792
20.08015635968 249.775684341248
10.73288136704 257.086414123008
9.42198303744 263.386717466624

