218.79760751616 180.905883491840
225.5230858752 182.153891254272
219.93751909888 208.124335492608
219.88052353024 208.362051201536
241.08287901696 211.868357864960
244.50261377024 194.931112836096
248.15033084416 162.066907490816
256.75666333184 163.849776015872
246.4974590464 214.483230558208
284.74149274624 220.960983113728
286.85032918528 209.431771890688
287.47728055808 209.550629745152
297.10953346048 157.550307109888
284.68449718272 155.113719990784
288.61719215104 135.026731516928
265.59097811456 131.163848713216
265.36299579392 126.350102273536
262.34223008768 118.802622886400
258.12455722496 118.386620068864
250.60114075648 115.950032120320
251.74105233920 110.482566290432
269.46667749888 111.671145842688
270.49259793920 95.922465807872
251.5700656128 94.674457110528
251.51307003904 95.744178852352
230.48170126848 91.881294736384
227.51793115136 100.855071483392
220.16550141952 122.724935072256
225.46609029632 124.032372435968
224.2121875456 153.211993419264
224.15519197184 155.113719990784
231.62161286144 155.47029371904
231.1086526464 167.23722613248
233.38847581184 168.66352089088
229.79775431168 180.133307246592
218.96859426304 180.073878307328
218.79760751616 180.905883491840

