467.55792190464 203.970722231808
468.41285559296 204.030160935424
479.12802449920 204.565109270016
541.19621033984 207.834237908480
544.4449583616 180.373554431488
544.3879627776 177.044986291712
544.15998045696 152.734548211712
470.29370971648 148.930469414400
467.55792190464 203.970722231808

450.91521275392 71.957285531136
467.72890864128 72.789428333568
465.67706778624 115.644774594048
512.07146932224 118.795028267520
514.29429690880 75.880244409344
515.43420849664 54.422846482432
451.37117738496 52.936876947968
450.91521275392 71.957285531136

