18.03378806784 514.094891065856
80.89991202816 545.83323396608
101.58930729984 504.228662838272
120.73982194688 513.203364454912
120.91080868864 485.744341414400
92.24203230720 471.242170761728
81.69785013760 492.282204636672
39.46412589056 471.004430245888
18.03378806784 514.094891065856

-65.86370463744 531.390505977344
-62.7859433472 532.400902641152
-6.13233754624 550.053125341696
4.01287556608 554.273016559616
8.68651307008 539.651984346624
-1.6866823680 536.145313746432
12.22023898112 492.935990939648
-21.74912627712 481.405577434624
-31.66635706368 512.311837833728
-56.45943405568 504.109792613888
-65.86370463744 531.390505977344

85.117584896 448.716254528000
89.9622091264 461.316503731712
104.15410836992 470.172338428928
124.04556554752 477.542294304768
160.0097760768 462.742946950656
154.53820046336 446.695459719168
151.23245686272 447.586986846208
134.81773002240 404.318195650048
94.86382895104 419.533596603392
103.24217910272 441.405731955200
85.117584896 448.716254528000
