18.03378806784 2.094891065856
80.89991202816 33.83323396608
101.58930729984 -7.771337161728
120.73982194688 1.203364454912
120.91080868864 -26.255658585600
92.24203230720 -40.757829238272
81.69785013760 -19.717795363328
39.46412589056 -40.995569754112
18.03378806784 2.094891065856

-65.86370463744 19.390505977344
-62.7859433472 20.400902641152
-6.13233754624 38.053125341696
4.01287556608 42.273016559616
8.68651307008 27.651984346624
-1.6866823680 24.145313746432
12.22023898112 -19.064009060352
-21.74912627712 -30.594422565376
-31.66635706368 0.311837833728
-56.45943405568 -7.890207386112
-65.86370463744 19.390505977344

