-44.44207809536 203.970722231808
-43.58714440704 204.030160935424
-32.87197550080 204.565109270016
29.19621033984 207.834237908480
32.4449583616 180.373554431488
32.3879627776 177.044986291712
32.15998045696 152.734548211712
-41.70629028352 148.930469414400
-44.44207809536 203.970722231808

-61.08478724608 71.957285531136
-44.27109135872 72.789428333568
-46.32293221376 115.644774594048
0.07146932224 118.795028267520
2.29429690880 75.880244409344
3.43420849664 54.422846482432
-60.62882261504 52.936876947968
-61.08478724608 71.957285531136
