-64.57022885376 372.662316290560
7.13020988416 382.290601079808
12.88676338688 334.743507862528
-47.24357276160 327.373706657280
-48.83944897024 339.795387449856
-60.01058251776 338.309540535808
-64.57022885376 372.662316290560

448.9599405056 25.568055490048
497.17820058624 43.576567687168
511.14211750912 10.82841304576
501.33887786496 6.608595705344
509.37525455360 -12.350867196928
478.25566826496 -26.19900351488
481.96038091264 -35.232981750272
468.39543305216 -39.393366703616
448.9599405056 25.568055490048

