307.76446806528 540.428923569152
337.00320024064 597.482542497280
386.64634979840 570.798092990464
384.4805177856 548.511521302016
384.13854431744 546.015425003008
382.59966368256 534.485836640768
378.09701291008 519.806410610176
376.21615879680 508.455112281600
374.62028258304 503.046901686784
371.5995168768 504.23551942144
357.69259552768 509.524868192256
342.87374490624 517.429175449088
319.67654413824 533.237788347392
307.76446806528 540.428923569152

282.00246623744 63.673516364288
352.10702875648 73.004200819200
353.5889138176 62.068876284928
352.84797129216 61.950014055424
358.20555574272 18.327567772160
289.24090479616 9.947777148928
282.00246623744 63.673516364288
