60.85090733056 -233.016134681088
94.07933005824 -88.243589516288
165.77976879616 -20.374092764672
332.49183820288 6.726150461952
366.0052388352 -193.792028132352
360.93263227904 -214.711549962752
359.90671184384 -243.535329159168
334.71466578944 -272.299685071360
312.77136777728 -290.18826540544
283.13366654976 -288.761933315584
60.85090733056 -233.016134681088

114.71172976128 427.611127691776
121.83617716224 467.726461151232
305.53292920832 479.671913305088
304.67799551488 446.272188251648
304.56400436224 440.685756425728
297.1545790464 440.210315407872
264.15413863424 438.070830796288
180.02866362368 432.722119100928
178.77476087296 432.662688968704
114.71172976128 427.611127691776

