398.55284496384 489.747022812672
474.41396099584 713.014896780800
499.89098491904 701.926977484288
533.06241207808 687.47204496896
632.80467582464 644.049188182528
690.59819322368 618.912689871360
726.50540816896 603.238659040768
796.78095742976 572.645268822528
864.60569677824 543.096808967168
892.36254389760 531.021994834432
998.08934346752 484.986758173184
902.27977469440 276.173556440576
743.09112174592 322.905473763328
512.65799468544 407.022892944384
410.86389008384 444.176191282688
398.55284496384 489.747022812672
