398.55284496384 -22.252977187328
474.41396099584 201.014896780800
499.89098491904 189.926977484288
533.06241207808 175.47204496896
632.80467582464 132.049188182528
690.59819322368 106.912689871360
726.50540816896 91.238659040768
796.78095742976 60.645268822528
864.60569677824 31.096808967168
892.36254389760 19.021994834432
998.08934346752 -27.013241826816
902.27977469440 -235.826443559424
743.09112174592 -189.094526236672
512.65799468544 -104.977107055616
410.86389008384 -67.823808717312
398.55284496384 -22.252977187328
