-113.44715503616 -22.252977187328
-37.58603900416 201.014896780800
-12.10901508096 189.926977484288
21.06241207808 175.47204496896
120.80467582464 132.049188182528
178.59819322368 106.912689871360
214.50540816896 91.238659040768
284.78095742976 60.645268822528
352.60569677824 31.096808967168
380.36254389760 19.021994834432
486.08934346752 -27.013241826816
390.27977469440 -235.826443559424
231.09112174592 -189.094526236672
0.65799468544 -104.977107055616
-101.13610991616 -67.823808717312
-113.44715503616 -22.252977187328
