-113.44715503616 489.747022812672
-37.58603900416 713.014896780800
-12.10901508096 701.926977484288
21.06241207808 687.47204496896
120.80467582464 644.049188182528
178.59819322368 618.912689871360
214.50540816896 603.238659040768
284.78095742976 572.645268822528
352.60569677824 543.096808967168
380.36254389760 531.021994834432
486.08934346752 484.986758173184
390.27977469440 276.173556440576
231.09112174592 322.905473763328
0.65799468544 407.022892944384
-101.13610991616 444.176191282688
-113.44715503616 489.747022812672
