122.16858640384 219.008236149248
184.00878992384 358.217940834304
256.22218888192 326.114962220544
250.18065746944 305.50635615744
203.9572426752 212.216100051968
194.38198535680 186.905231543296
122.16858640384 219.008236149248

203.9572426752 212.216100051968
250.18065746944 305.50635615744
392.09964990464 235.204867301888
345.93323067392 141.914573048832
203.9572426752 212.216100051968

43.40069582848 256.45205854208
105.24089934848 395.661732906496
177.45429831168 363.558761287168
115.61409478656 224.349060926976
43.40069582848 256.45205854208
