-13.57273297408 357.415919830528
68.72888351744 609.422693312512
172.17585992704 575.636042983936
89.87424344064 323.629219972608
-13.57273297408 357.415919830528

134.21680412160 300.466169324544
220.28012883968 550.034813830144
278.64360202752 529.890533333504
192.58027730944 280.321859583488
134.21680412160 300.466169324544

313.69588328960 228.596834418176
391.83682249728 503.128243488768
418.11178454016 554.214606606848
592.06229252608 465.568146378240
478.41310742016 171.588988429824
313.69588328960 228.596834418176

