-13.57273297408 -154.584080169472
68.72888351744 97.422693312512
172.17585992704 63.636042983936
89.87424344064 -188.370780027392
-13.57273297408 -154.584080169472

134.21680412160 -211.533830675456
220.28012883968 38.034813830144
278.64360202752 17.890533333504
192.58027730944 -231.678140416512
134.21680412160 -211.533830675456

313.69588328960 -283.403165581824
391.83682249728 -8.871756511232
418.11178454016 42.214606606848
592.06229252608 -46.431853621760
478.41310742016 -340.411011570176
313.69588328960 -283.403165581824
