18.27908457472 138.498885850112
116.02650305536 418.429342098944
370.56876015616 332.104921935360
271.68143007744 36.616161601024
18.27908457472 138.498885850112

-198.30411671040 228.596834418176
-120.16317750272 503.128243488768
-93.88821545984 554.214606606848
80.06229252608 465.568146378240
-33.58689257984 171.588988429824
-198.30411671040 228.596834418176

330.84284138496 37.661112925184
430.98407419904 301.975541142528
682.61955674112 195.506742815232
589.31779345408 -58.648594163200
330.84284138496 37.661112925184
