386.68979781632 331.730571439616
457.25032497152 532.825785259520
534.65032163328 507.456684937728
457.59229843968 314.488851913728
386.68979781632 331.730571439616

452.06372725248 296.898813040128
457.59229843968 314.488851913728
534.65032163328 507.456684937728
542.17373810688 526.788288039424
661.2375032320 469.432053870592
571.12749238784 251.791675423744
452.06372725248 296.898813040128

121.26138507264 434.774482044416
226.07625537536 722.136047257088
351.1245563392 676.506545955328
246.25269044224 389.144904461312
121.26138507264 434.774482044416

-181.15715861504 549.661112925184
-81.01592580096 813.975541142528
170.61955674112 707.506742815232
77.31779345408 453.351405836800
-181.15715861504 549.661112925184

283.41380815360 375.618576974336
373.63781016064 624.781485939712
471.61321094144 589.311205710848
381.38920894464 340.148245327872
283.41380815360 375.618576974336

