386.68979781632 -180.269428560384
457.25032497152 20.825785259520
534.65032163328 -4.543315062272
457.59229843968 -197.511148086272
386.68979781632 -180.269428560384

121.26138507264 -77.225517955584
226.07625537536 210.136047257088
351.1245563392 164.506545955328
246.25269044224 -122.855095538688
121.26138507264 -77.225517955584

-181.15715861504 37.661112925184
-81.01592580096 301.975541142528
170.61955674112 195.506742815232
77.31779345408 -58.648594163200
-181.15715861504 37.661112925184

283.41380815360 -136.381423025664
373.63781016064 112.781485939712
471.61321094144 77.311205710848
381.38920894464 -171.851754672128
283.41380815360 -136.381423025664
