-125.31020218368 331.730571439616
-54.74967502848 532.825785259520
22.65032163328 507.456684937728
-54.40770156032 314.488851913728
-125.31020218368 331.730571439616

-59.93627274752 296.898813040128
-54.40770156032 314.488851913728
22.65032163328 507.456684937728
30.17373810688 526.788288039424
149.2375032320 469.432053870592
59.12749238784 251.791675423744
-59.93627274752 296.898813040128

38.26711036416 -175.362474579456
142.22704698368 121.056378287616
368.61348789760 41.639861495808
264.65355128832 -254.779128333824
38.26711036416 -175.362474579456

64.08610778624 251.153092952576
174.94250949632 520.054156275200
517.54293658112 399.420268410368
423.5002307584 120.591954319872
64.08610778624 251.153092952576

