-125.31020218368 -180.269428560384
-54.74967502848 20.825785259520
22.65032163328 -4.543315062272
-54.40770156032 -197.511148086272
-125.31020218368 -180.269428560384

-59.93627274752 -215.101186959872
-54.40770156032 -197.511148086272
22.65032163328 -4.543315062272
30.17373810688 14.788288039424
149.2375032320 -42.567946129408
59.12749238784 -260.208324576256
-59.93627274752 -215.101186959872

64.08610778624 -260.846907047424
174.94250949632 8.054156275200
517.54293658112 -112.579731589632
423.5002307584 -391.408045680128
64.08610778624 -260.846907047424

