212.14320022528 339.540180201984
266.85895633408 513.583271121408
382.33199996928 477.300119609344
327.61624384512 303.256991946240
212.14320022528 339.540180201984

-98.02674226176 455.007747522048
-48.61157501440 585.220702977536
30.66927577600 550.737210333696
-18.80288705536 428.651658043392
-98.02674226176 455.007747522048

370.53391505920 280.151853675008
435.56587102720 457.620135025152
534.56719223808 421.336971700736
469.47824069632 243.868652884480
370.53391505920 280.151853675008

33.97501937664 405.546536628736
93.76338204160 572.913463972352
232.31963529216 523.452287008256
172.53127261696 356.027258412032
33.97501937664 405.546536628736

