-141.46608494080 280.151853675008
-76.43412897280 457.620135025152
22.56719223808 421.336971700736
-42.52175930368 243.868652884480
-141.46608494080 280.151853675008

63.7749960704 198.935526408704
120.37160629760 417.331309999616
339.34862192128 360.613452420608
282.69501610496 142.15954359808
63.7749960704 198.935526408704

340.83050696704 124.627487855616
377.70664677376 311.326373676544
469.35553826304 280.790437939712
428.66069465600 102.973654950400
340.83050696704 124.627487855616

452.99780701184 94.904263439872
504.46481510912 304.127788554752
586.88042276352 283.867253003776
535.4134146560 74.585650038272
452.99780701184 94.904263439872

