511.33991786496 459.373242878464
530.71841482752 487.002991635968
571.35626284544 458.497035116544
551.97776589312 430.867281077248
511.33991786496 459.373242878464

321.82961673728 340.150526210560
361.49853991424 356.389588766208
371.58675744768 331.738924763648
331.91783427072 315.558273428992
321.82961673728 340.150526210560

467.9092864512 440.271912521728
498.62990368768 463.345384664064
510.71296648704 447.281575321088
479.93535366656 424.266514555904
467.9092864512 440.271912521728

376.83035075072 356.973727674880
430.74816875008 361.004286078976
432.5720272896 336.295208939008
378.65420929024 332.323063768576
376.83035075072 356.973727674880
