-0.66008213504 459.373242878464
18.71841482752 487.002991635968
59.35626284544 458.497035116544
39.97776589312 430.867281077248
-0.66008213504 459.373242878464

77.48085706240 415.738090121728
96.91634960384 443.367846965248
137.55419763200 414.861882104320
118.1187051008 387.173706099200
77.48085706240 415.738090121728

266.42120240128 292.952089741824
303.24034660864 317.544346250752
325.63960927744 283.897932523008
288.82046505984 259.364084393472
266.42120240128 292.952089741824

511.33120658432 183.601199328768
534.6993940992 207.726162283008
578.13002550784 165.726526924288
554.76183800320 141.601557173248
511.33120658432 183.601199328768

189.70515268096 353.293652517376
223.10456213504 354.578758138368
223.90250025472 334.309136367616
190.4460952064 333.024030571008
189.70515268096 353.293652517376

387.3658216448 49.774760097792
420.99321342464 70.219662560768
438.71883858432 40.954244169728
405.14844237824 20.567751716864
387.3658216448 49.774760097792

241.22915636224 334.133894668288
261.12061351424 367.838710945280
291.95522191872 349.613577268736
272.00676916736 315.967170778112
241.22915636224 334.133894668288

281.12606185472 406.508698744320
304.89321841152 436.650253275648
349.23577910272 401.601933477376
325.4686225408 371.518785745408
281.12606185472 406.508698744320

419.85330183680 3.744512293888
453.48069361664 24.189421066752
471.26331436032 -5.076006358528
437.63592257024 -25.520919144960
419.85330183680 3.744512293888

413.98275717632 309.541640894976
468.58452212224 352.651099702784
489.5588953088 326.072776301568
434.9571303424 282.963309809664
413.98275717632 309.541640894976

298.56670911488 167.01163416064
328.31840150528 196.452269669376
351.97156690432 172.560960742912
322.21987451392 143.120320517632
298.56670911488 167.01163416064

318.51516186624 247.798126017536
345.41707528704 270.754800098304
386.05492332544 223.147444061696
359.09601430528 200.190762650112
318.51516186624 247.798126017536

508.36743647232 109.298625464832
528.65786269184 129.568277824512
559.4924710912 98.784107304448
539.20204486656 78.456036760064
508.36743647232 109.298625464832

167.93284137984 289.096771250688
173.74639048704 304.459630703104
187.4823250944 299.260792512000
181.66877599744 283.956346443264
167.93284137984 289.096771250688

251.83033410048 213.041831559680
263.79940575232 257.202769007104
294.86199646720 248.791162882560
282.89292481024 204.630222943232
251.83033410048 213.041831559680

5.3244536832 398.389170417152
24.07599927808 419.184508273152
50.92091712000 395.001165661184
32.22636711936 374.205824431616
5.3244536832 398.389170417152

335.55684007424 130.444487519744
369.18423184384 150.889378919936
386.96685259776 121.682390348288
353.33946080768 101.237494942208
335.55684007424 130.444487519744

