337.89365882368 306.913650916352
369.52620532736 332.440702862336
391.35551219712 305.336464496128
405.43342027264 287.870584148480
373.74387820032 262.343524571648
337.89365882368 306.913650916352

396.14314085888 308.257180076032
442.30956006912 341.027604935168
453.93665824768 326.482443988992
409.25212408832 291.842757786112
396.14314085888 308.257180076032

289.27642969088 307.497794029056
353.33946080768 356.565807432704
362.97171371008 344.006734109696
298.85168701952 294.938716576768
289.27642969088 307.497794029056

308.36994875904 367.606108220928
334.47392406016 386.240264841728
350.37569069568 363.926008048128
324.27171536896 345.291848640000
308.36994875904 367.606108220928

305.86214326784 279.283679012864
335.95580913664 302.532577489408
365.59351035904 264.212783088128
335.49984450048 240.905464295936
305.86214326784 279.283679012864

370.89409923072 356.974707475456
408.91015061504 384.838322105856
435.24210824704 348.796706385408
397.2260568576 320.991499326976
370.89409923072 356.974707475456

240.71619614208 285.475597050368
276.50941993472 312.521424714752
296.22989036544 286.46864048640
308.0849708544 270.813602033152
272.34874264576 243.767766800384
240.71619614208 285.475597050368

223.95949583872 309.834366462976
295.6599345664 359.837007750656
306.88806368768 343.714662624768
235.18762494976 293.712015930880
223.95949583872 309.834366462976

278.04830056960 8.766706825728
344.56214159872 29.795899544064
358.41206736384 -14.014921966080
291.89822633984 -35.044120865280
278.04830056960 8.766706825728

501.98393158656 53.044836929536
503.69379895808 91.539928801792
540.2849608704 89.904325706240
538.57509348864 51.40923341312
501.98393158656 53.044836929536

374.427825152 227.937480836608
433.1332718080 270.638359055872
461.11810124288 232.143313434624
402.41265457152 189.44242418688
374.427825152 227.937480836608

467.15963265024 266.490941872128
527.06198646784 305.394878810112
549.80322260480 270.346287427584
489.95786435584 231.442341342720
467.15963265024 266.490941872128
