7.36758327296 320.115800574464
39.17111651328 331.915449462272
55.58584334848 287.754382492672
23.78231011328 275.954730109440
7.36758327296 320.115800574464

27.0880537088 189.735459591680
61.00042338304 192.656167403008
64.8761227776 147.852503277568
30.96375309824 144.931794588160
27.0880537088 189.735459591680

18.25373891584 -1.921512088064
29.93783266304 35.171520555520
56.78275051008 26.701458798080
45.09865675776 -10.391575956992
18.25373891584 -1.921512088064

51.14018817024 108.422931140096
81.00587170304 108.948658839040
81.86080539648 65.897395724800
51.99512184832 65.371667875328
51.14018817024 108.422931140096

-33.44125150208 401.720283936768
-0.1558331904 418.426708091904
15.00499088896 388.343460448768
-18.33742298624 371.578618835968
-33.44125150208 401.720283936768

14.03606605312 435.600442862080
42.59085126656 449.853472935424
63.56522444288 407.853761552896
35.0104392192 393.600727464448
14.03606605312 435.600442862080

