18.25373891584 510.078487911936
29.93783266304 547.171520555520
56.78275051008 538.701458798080
45.09865675776 501.608424043008
18.25373891584 510.078487911936

29.538863616 7.306346110464
59.29055600128 7.306346110464
59.29055600128 -18.921734777344
29.538863616 -18.921734777344
29.538863616 7.306346110464

-10.01606841344 53.044836929536
-8.30620104192 91.539928801792
28.2849608704 89.904325706240
26.57509348864 51.40923341312
-10.01606841344 53.044836929536

-44.84036734976 266.490941872128
15.06198646784 305.394878810112
37.80322260480 270.346287427584
-22.04213564416 231.442341342720
-44.84036734976 266.490941872128

